  1.0036171e-001  7.5326806e-002
  1.2533323e-001  1.0036171e-001
  1.5022559e-001  1.2462609e-001
  1.7502306e-001  1.4778922e-001
  1.9970998e-001  1.7041003e-001
  2.2427076e-001  1.9205150e-001
  2.4868989e-001  2.1262875e-001
  2.7295194e-001  2.3209472e-001
  2.9704158e-001  2.5048415e-001
  3.2094361e-001  2.6784695e-001
  3.4464292e-001  2.8424576e-001
  3.6812455e-001  2.9974455e-001
  3.9137367e-001  3.1440720e-001
  4.1437558e-001  3.2829446e-001
  4.3711577e-001  3.4146279e-001
  4.5957986e-001  3.5396366e-001
  4.8175367e-001  3.6584363e-001
  5.0362320e-001  3.7714469e-001
  5.2517463e-001  3.8790472e-001
  5.4639435e-001  3.9815785e-001
  5.6726895e-001  4.0793480e-001
  5.8778525e-001  4.1726319e-001
  6.0793030e-001  4.2616794e-001
  6.2769136e-001  4.3467154e-001
  6.4705596e-001  4.4279433e-001
  6.6601187e-001  4.5055471e-001
  6.8454711e-001  4.5796936e-001
  7.0264997e-001  4.6505339e-001
  7.2030902e-001  4.7182058e-001
  7.3751312e-001  4.7828342e-001
  7.5425138e-001  4.8445331e-001
  7.7051324e-001  4.9034063e-001
  7.8628843e-001  4.9595487e-001
  8.0156698e-001  5.0130469e-001
  8.1633925e-001  5.0639798e-001
  8.3059590e-001  5.1124199e-001
  8.4432793e-001  5.1584332e-001
  8.5752666e-001  5.2020803e-001
  8.7018375e-001  5.2434165e-001
  8.8229123e-001  5.2824924e-001
  8.9384142e-001  5.3193543e-001
  9.0482705e-001  5.3540445e-001
  9.1524117e-001  5.3866016e-001
  9.2507721e-001  5.4170609e-001
  9.3432894e-001  5.4454543e-001
  9.4299054e-001  5.4718111e-001
  9.5105652e-001  5.4961577e-001
  9.5852179e-001  5.5185180e-001
  9.6538164e-001  5.5389136e-001
  9.7163173e-001  5.5573638e-001
  9.7726812e-001  5.5738858e-001
  9.8228725e-001  5.5884950e-001
  9.8668594e-001  5.6012046e-001
  9.9046143e-001  5.6120265e-001
  9.9361131e-001  5.6209704e-001
  9.9613361e-001  5.6280447e-001
  9.9802673e-001  5.6332562e-001
  9.9928947e-001  5.6366101e-001
  9.9992104e-001  5.6381101e-001
  9.9992104e-001  5.6377586e-001
  9.9928947e-001  5.6355563e-001
  9.9802673e-001  5.6315027e-001
  9.9613361e-001  5.6255958e-001
  9.9361131e-001  5.6178321e-001
  9.9046143e-001  5.6082069e-001
  9.8668594e-001  5.5967136e-001
  9.8228725e-001  5.5833446e-001
  9.7726812e-001  5.5680903e-001
  9.7163173e-001  5.5509397e-001
  9.6538164e-001  5.5318802e-001
  9.5852179e-001  5.5108974e-001
  9.5105652e-001  5.4879749e-001
  9.4299054e-001  5.4630947e-001
  9.3432894e-001  5.4362365e-001
  9.2507721e-001  5.4073780e-001
  9.1524117e-001  5.3764947e-001
  9.0482705e-001  5.3435595e-001
  8.9384142e-001  5.3085428e-001
  8.8229123e-001  5.2714122e-001
  8.7018375e-001  5.2321325e-001
  8.5752666e-001  5.1906653e-001
  8.4432793e-001  5.1469686e-001
  8.3059590e-001  5.1009970e-001
  8.1633925e-001  5.0527010e-001
  8.0156698e-001  5.0020271e-001
  7.8628843e-001  4.9489169e-001
  7.7051324e-001  4.8933074e-001
  7.5425138e-001  4.8351301e-001
  7.3751312e-001  4.7743107e-001
  7.2030902e-001  4.7107688e-001
  7.0264997e-001  4.6444172e-001
  6.8454711e-001  4.5751614e-001
  6.6601187e-001  4.5028990e-001
  6.4705596e-001  4.4275189e-001
  6.2769136e-001  4.3489009e-001
  6.0793030e-001  4.2669145e-001
  5.8778525e-001  4.1814187e-001
  5.6726895e-001  4.0922605e-001
  5.4639435e-001  3.9992743e-001
  5.2517463e-001  3.9022810e-001
  5.0362320e-001  3.8010869e-001
  4.8175367e-001  3.6954831e-001
  4.5957986e-001  3.5852440e-001
  4.3711577e-001  3.4701275e-001
  4.1437558e-001  3.3498736e-001
  3.9137367e-001  3.2242047e-001
  3.6812455e-001  3.0928257e-001
  3.4464292e-001  2.9554252e-001
  3.2094361e-001  2.8116773e-001
  2.9704158e-001  2.6612452e-001
  2.7295194e-001  2.5037860e-001
  2.4868989e-001  2.3389589e-001
  2.2427076e-001  2.1664358e-001
  1.9970998e-001  1.9859157e-001
  1.7502306e-001  1.7971451e-001
  1.5022559e-001  1.5999425e-001
  1.2533323e-001  1.3942302e-001
  1.0036171e-001  1.1800715e-001
  7.5326806e-002  9.5771330e-002
  5.0244318e-002  7.2763013e-002
  2.5130095e-002  4.9056583e-002
  1.2246468e-016  2.4756423e-002
 -2.5130095e-002 -2.0433796e-006
 -5.0244318e-002 -2.5054445e-002
 -7.5326806e-002 -5.0213543e-002
 -1.0036171e-001 -7.5279551e-002
 -1.2533323e-001 -1.0005395e-001
 -1.5022559e-001 -1.2435483e-001
 -1.7502306e-001 -1.4803102e-001
 -1.9970998e-001 -1.7097194e-001
 -2.2427076e-001 -1.9311135e-001
 -2.4868989e-001 -2.1442467e-001
 -2.7295194e-001 -2.3492132e-001
 -2.9704158e-001 -2.5463483e-001
 -3.2094361e-001 -2.7361304e-001
 -3.4464292e-001 -2.9191040e-001
 -3.6812455e-001 -3.0958266e-001
 -3.9137367e-001 -3.2668388e-001
 -4.1437558e-001 -3.4326493e-001
 -4.3711577e-001 -3.5937300e-001
 -4.5957986e-001 -3.7505140e-001
 -4.8175367e-001 -3.9033973e-001
 -5.0362320e-001 -4.0527407e-001
 -5.2517463e-001 -4.1988726e-001
 -5.4639435e-001 -4.3420920e-001
 -5.6726895e-001 -4.4826714e-001
 -5.8778525e-001 -4.6208592e-001
 -6.0793030e-001 -4.7568826e-001
 -6.2769136e-001 -4.8909494e-001
 -6.4705596e-001 -5.0232501e-001
 -6.6601187e-001 -5.1539596e-001
 -6.8454711e-001 -5.2832387e-001
 -7.0264997e-001 -5.4112348e-001
 -7.2030902e-001 -5.5380839e-001
 -7.3751312e-001 -5.6639105e-001
 -7.5425138e-001 -5.7888289e-001
 -7.7051324e-001 -5.9129435e-001
 -7.8628843e-001 -6.0363490e-001
 -8.0156698e-001 -6.1591308e-001
 -8.1633925e-001 -6.2813651e-001
 -8.3059590e-001 -6.4031183e-001
 -8.4432793e-001 -6.5244471e-001
 -8.5752666e-001 -6.6453979e-001
 -8.7018375e-001 -6.7660057e-001
 -8.8229123e-001 -6.8862937e-001
 -8.9384142e-001 -7.0062714e-001
 -9.0482705e-001 -7.1259334e-001
 -9.1524117e-001 -7.2452574e-001
 -9.2507721e-001 -7.3642015e-001
 -9.3432894e-001 -7.4827019e-001
 -9.4299054e-001 -7.6006690e-001
 -9.5105652e-001 -7.7179838e-001
 -9.5852179e-001 -7.8344925e-001
 -9.6538164e-001 -7.9500014e-001
 -9.7163173e-001 -8.0642703e-001
 -9.7726812e-001 -8.1770046e-001
 -9.8228725e-001 -8.2878467e-001
 -9.8668594e-001 -8.3963662e-001
 -9.9046143e-001 -8.5020487e-001
 -9.9361131e-001 -8.6042834e-001
 -9.9613361e-001 -8.7023501e-001
 -9.9802673e-001 -8.7954055e-001
 -9.9928947e-001 -8.8824696e-001
 -9.9992104e-001 -8.9624142e-001
 -9.9992104e-001 -9.0339530e-001
 -9.9928947e-001 -9.0956390e-001
 -9.9802673e-001 -9.1458687e-001
 -9.9613361e-001 -9.1829005e-001
 -9.9361131e-001 -9.2048902e-001
 -9.9046143e-001 -9.2099500e-001
 -9.8668594e-001 -9.1962371e-001
 -9.8228725e-001 -9.1620748e-001
 -9.7726812e-001 -9.1061088e-001
 -9.7163173e-001 -9.0274911e-001
 -9.6538164e-001 -8.9260797e-001
 -9.5852179e-001 -8.8026246e-001
 -9.5105652e-001 -8.6589041e-001
 -9.4299054e-001 -8.4977604e-001
 -9.3432894e-001 -8.3229923e-001
 -9.2507721e-001 -8.1390753e-001
 -9.1524117e-001 -7.9507249e-001
 -9.0482705e-001 -7.7623667e-001
 -8.9384142e-001 -7.5776266e-001
 -8.8229123e-001 -7.3989697e-001
 -8.7018375e-001 -7.2275828e-001
 -8.5752666e-001 -7.0635168e-001
 -8.4432793e-001 -6.9060179e-001
 -8.3059590e-001 -6.7539254e-001
 -8.1633925e-001 -6.6060134e-001
 -8.0156698e-001 -6.4612079e-001
 -7.8628843e-001 -6.3186714e-001
 -7.7051324e-001 -6.1777916e-001
 -7.5425138e-001 -6.0381240e-001
 -7.3751312e-001 -5.8993290e-001
 -7.2030902e-001 -5.7611252e-001
 -7.0264997e-001 -5.6232621e-001
 -6.8454711e-001 -5.4855071e-001
 -6.6601187e-001 -5.3476396e-001
 -6.4705596e-001 -5.2094485e-001
 -6.2769136e-001 -5.0707281e-001
 -6.0793030e-001 -4.9312757e-001
 -5.8778525e-001 -4.7908886e-001
 -5.6726895e-001 -4.6493616e-001
 -5.4639435e-001 -4.5064856e-001
 -5.2517463e-001 -4.3620456e-001
 -5.0362320e-001 -4.2158192e-001
 -4.8175367e-001 -4.0675752e-001
 -4.5957986e-001 -3.9170722e-001
 -4.3711577e-001 -3.7640574e-001
 -4.1437558e-001 -3.6082653e-001
 -3.9137367e-001 -3.4494171e-001
 -3.6812455e-001 -3.2872198e-001
 -3.4464292e-001 -3.1213667e-001
 -3.2094361e-001 -2.9515372e-001
 -2.9704158e-001 -2.7773991e-001
 -2.7295194e-001 -2.5986106e-001
 -2.4868989e-001 -2.4148251e-001
 -2.2427076e-001 -2.2256980e-001
 -1.9970998e-001 -2.0308961e-001
 -1.7502306e-001 -1.8301118e-001
 -1.5022559e-001 -1.6230808e-001
 -1.2533323e-001 -1.4096068e-001
 -1.0036171e-001 -1.1895920e-001
 -7.5326806e-002 -9.6307461e-002
 -5.0244318e-002 -7.3027255e-002
 -2.5130095e-002 -4.9163121e-002
 -2.4492936e-016 -2.4787050e-002
  2.5130095e-002 -2.3812300e-006
  5.0244318e-002  2.5054146e-002
  7.5326806e-002  5.0213467e-002
  1.0036171e-001  7.5279552e-002
  1.2533323e-001  1.0003972e-001
  1.5022559e-001  1.2427954e-001
  1.7502306e-001  1.4780035e-001
  1.9970998e-001  1.7043644e-001
  2.2427076e-001  1.9206786e-001
  2.4868989e-001  2.1262603e-001
  2.7295194e-001  2.3209115e-001
  2.9704158e-001  2.5048290e-001
  3.2094361e-001  2.6784770e-001
  3.4464292e-001  2.8424639e-001
  3.6812455e-001  2.9974460e-001
  3.9137367e-001  3.1440697e-001
  4.1437558e-001  3.2829434e-001
  4.3711577e-001  3.4146283e-001
  4.5957986e-001  3.5396373e-001
  4.8175367e-001  3.6584364e-001
  5.0362320e-001  3.7714466e-001
  5.2517463e-001  3.8790470e-001
  5.4639435e-001  3.9815786e-001
  5.6726895e-001  4.0793481e-001
  5.8778525e-001  4.1726319e-001
  6.0793030e-001  4.2616793e-001
  6.2769136e-001  4.3467154e-001
  6.4705596e-001  4.4279433e-001
  6.6601187e-001  4.5055471e-001
  6.8454711e-001  4.5796936e-001
  7.0264997e-001  4.6505339e-001
  7.2030902e-001  4.7182058e-001
  7.3751312e-001  4.7828342e-001
  7.5425138e-001  4.8445331e-001
  7.7051324e-001  4.9034063e-001
  7.8628843e-001  4.9595487e-001
  8.0156698e-001  5.0130469e-001
  8.1633925e-001  5.0639798e-001
  8.3059590e-001  5.1124199e-001
  8.4432793e-001  5.1584332e-001
  8.5752666e-001  5.2020803e-001
  8.7018375e-001  5.2434165e-001
  8.8229123e-001  5.2824924e-001
  8.9384142e-001  5.3193543e-001
  9.0482705e-001  5.3540445e-001
  9.1524117e-001  5.3866016e-001
  9.2507721e-001  5.4170609e-001
  9.3432894e-001  5.4454543e-001
  9.4299054e-001  5.4718111e-001
  9.5105652e-001  5.4961577e-001
  9.5852179e-001  5.5185180e-001
  9.6538164e-001  5.5389136e-001
  9.7163173e-001  5.5573638e-001
  9.7726812e-001  5.5738858e-001
  9.8228725e-001  5.5884950e-001
  9.8668594e-001  5.6012046e-001
  9.9046143e-001  5.6120265e-001
  9.9361131e-001  5.6209704e-001
  9.9613361e-001  5.6280447e-001
  9.9802673e-001  5.6332562e-001
  9.9928947e-001  5.6366101e-001
  9.9992104e-001  5.6381101e-001
  9.9992104e-001  5.6377586e-001
  9.9928947e-001  5.6355563e-001
  9.9802673e-001  5.6315027e-001
  9.9613361e-001  5.6255958e-001
  9.9361131e-001  5.6178321e-001
  9.9046143e-001  5.6082069e-001
  9.8668594e-001  5.5967136e-001
  9.8228725e-001  5.5833446e-001
  9.7726812e-001  5.5680903e-001
  9.7163173e-001  5.5509397e-001
  9.6538164e-001  5.5318802e-001
  9.5852179e-001  5.5108974e-001
  9.5105652e-001  5.4879749e-001
  9.4299054e-001  5.4630947e-001
  9.3432894e-001  5.4362365e-001
  9.2507721e-001  5.4073780e-001
  9.1524117e-001  5.3764947e-001
  9.0482705e-001  5.3435595e-001
  8.9384142e-001  5.3085428e-001
  8.8229123e-001  5.2714122e-001
  8.7018375e-001  5.2321325e-001
  8.5752666e-001  5.1906653e-001
  8.4432793e-001  5.1469686e-001
  8.3059590e-001  5.1009970e-001
  8.1633925e-001  5.0527010e-001
  8.0156698e-001  5.0020271e-001
  7.8628843e-001  4.9489169e-001
  7.7051324e-001  4.8933074e-001
  7.5425138e-001  4.8351301e-001
  7.3751312e-001  4.7743107e-001
  7.2030902e-001  4.7107688e-001
  7.0264997e-001  4.6444172e-001
  6.8454711e-001  4.5751614e-001
  6.6601187e-001  4.5028990e-001
  6.4705596e-001  4.4275189e-001
  6.2769136e-001  4.3489009e-001
  6.0793030e-001  4.2669145e-001
  5.8778525e-001  4.1814187e-001
  5.6726895e-001  4.0922605e-001
  5.4639435e-001  3.9992743e-001
  5.2517463e-001  3.9022810e-001
  5.0362320e-001  3.8010869e-001
  4.8175367e-001  3.6954831e-001
  4.5957986e-001  3.5852440e-001
  4.3711577e-001  3.4701275e-001
  4.1437558e-001  3.3498736e-001
  3.9137367e-001  3.2242047e-001
  3.6812455e-001  3.0928257e-001
  3.4464292e-001  2.9554252e-001
  3.2094361e-001  2.8116773e-001
  2.9704158e-001  2.6612452e-001
  2.7295194e-001  2.5037860e-001
  2.4868989e-001  2.3389589e-001
  2.2427076e-001  2.1664358e-001
  1.9970998e-001  1.9859157e-001
  1.7502306e-001  1.7971451e-001
  1.5022559e-001  1.5999425e-001
  1.2533323e-001  1.3942302e-001
  1.0036171e-001  1.1800715e-001
  7.5326806e-002  9.5771330e-002
  5.0244318e-002  7.2763013e-002
  2.5130095e-002  4.9056583e-002
  3.6739404e-016  2.4756423e-002
 -2.5130095e-002 -2.0433796e-006
 -5.0244318e-002 -2.5054445e-002
 -7.5326806e-002 -5.0213543e-002
 -1.0036171e-001 -7.5279551e-002
 -1.2533323e-001 -1.0005395e-001
 -1.5022559e-001 -1.2435483e-001
 -1.7502306e-001 -1.4803102e-001
 -1.9970998e-001 -1.7097194e-001
 -2.2427076e-001 -1.9311135e-001
 -2.4868989e-001 -2.1442467e-001
 -2.7295194e-001 -2.3492132e-001
 -2.9704158e-001 -2.5463483e-001
 -3.2094361e-001 -2.7361304e-001
 -3.4464292e-001 -2.9191040e-001
 -3.6812455e-001 -3.0958266e-001
 -3.9137367e-001 -3.2668388e-001
 -4.1437558e-001 -3.4326493e-001
 -4.3711577e-001 -3.5937300e-001
 -4.5957986e-001 -3.7505140e-001
 -4.8175367e-001 -3.9033973e-001
 -5.0362320e-001 -4.0527407e-001
 -5.2517463e-001 -4.1988726e-001
 -5.4639435e-001 -4.3420920e-001
 -5.6726895e-001 -4.4826714e-001
 -5.8778525e-001 -4.6208592e-001
 -6.0793030e-001 -4.7568826e-001
 -6.2769136e-001 -4.8909494e-001
 -6.4705596e-001 -5.0232501e-001
 -6.6601187e-001 -5.1539596e-001
 -6.8454711e-001 -5.2832387e-001
 -7.0264997e-001 -5.4112348e-001
 -7.2030902e-001 -5.5380839e-001
 -7.3751312e-001 -5.6639105e-001
 -7.5425138e-001 -5.7888289e-001
 -7.7051324e-001 -5.9129435e-001
 -7.8628843e-001 -6.0363490e-001
 -8.0156698e-001 -6.1591308e-001
 -8.1633925e-001 -6.2813651e-001
 -8.3059590e-001 -6.4031183e-001
 -8.4432793e-001 -6.5244471e-001
 -8.5752666e-001 -6.6453979e-001
 -8.7018375e-001 -6.7660057e-001
 -8.8229123e-001 -6.8862937e-001
 -8.9384142e-001 -7.0062714e-001
 -9.0482705e-001 -7.1259334e-001
 -9.1524117e-001 -7.2452574e-001
 -9.2507721e-001 -7.3642015e-001
 -9.3432894e-001 -7.4827019e-001
 -9.4299054e-001 -7.6006690e-001
 -9.5105652e-001 -7.7179838e-001
 -9.5852179e-001 -7.8344925e-001
 -9.6538164e-001 -7.9500014e-001
 -9.7163173e-001 -8.0642703e-001
 -9.7726812e-001 -8.1770046e-001
 -9.8228725e-001 -8.2878467e-001
 -9.8668594e-001 -8.3963662e-001
 -9.9046143e-001 -8.5020487e-001
 -9.9361131e-001 -8.6042834e-001
 -9.9613361e-001 -8.7023501e-001
 -9.9802673e-001 -8.7954055e-001
 -9.9928947e-001 -8.8824696e-001
 -9.9992104e-001 -8.9624142e-001
 -9.9992104e-001 -9.0339530e-001
 -9.9928947e-001 -9.0956390e-001
 -9.9802673e-001 -9.1458687e-001
 -9.9613361e-001 -9.1829005e-001
 -9.9361131e-001 -9.2048902e-001
 -9.9046143e-001 -9.2099500e-001
 -9.8668594e-001 -9.1962371e-001
 -9.8228725e-001 -9.1620748e-001
 -9.7726812e-001 -9.1061088e-001
 -9.7163173e-001 -9.0274911e-001
 -9.6538164e-001 -8.9260797e-001
 -9.5852179e-001 -8.8026246e-001
 -9.5105652e-001 -8.6589041e-001
 -9.4299054e-001 -8.4977604e-001
 -9.3432894e-001 -8.3229923e-001
 -9.2507721e-001 -8.1390753e-001
 -9.1524117e-001 -7.9507249e-001
 -9.0482705e-001 -7.7623667e-001
 -8.9384142e-001 -7.5776266e-001
 -8.8229123e-001 -7.3989697e-001
 -8.7018375e-001 -7.2275828e-001
 -8.5752666e-001 -7.0635168e-001
 -8.4432793e-001 -6.9060179e-001
 -8.3059590e-001 -6.7539254e-001
 -8.1633925e-001 -6.6060134e-001
 -8.0156698e-001 -6.4612079e-001
 -7.8628843e-001 -6.3186714e-001
 -7.7051324e-001 -6.1777916e-001
 -7.5425138e-001 -6.0381240e-001
 -7.3751312e-001 -5.8993290e-001
 -7.2030902e-001 -5.7611252e-001
 -7.0264997e-001 -5.6232621e-001
 -6.8454711e-001 -5.4855071e-001
 -6.6601187e-001 -5.3476396e-001
 -6.4705596e-001 -5.2094485e-001
 -6.2769136e-001 -5.0707281e-001
 -6.0793030e-001 -4.9312757e-001
 -5.8778525e-001 -4.7908886e-001
 -5.6726895e-001 -4.6493616e-001
 -5.4639435e-001 -4.5064856e-001
 -5.2517463e-001 -4.3620456e-001
 -5.0362320e-001 -4.2158192e-001
 -4.8175367e-001 -4.0675752e-001
 -4.5957986e-001 -3.9170722e-001
 -4.3711577e-001 -3.7640574e-001
 -4.1437558e-001 -3.6082653e-001
 -3.9137367e-001 -3.4494171e-001
 -3.6812455e-001 -3.2872198e-001
 -3.4464292e-001 -3.1213667e-001
 -3.2094361e-001 -2.9515372e-001
 -2.9704158e-001 -2.7773991e-001
 -2.7295194e-001 -2.5986106e-001
 -2.4868989e-001 -2.4148251e-001
 -2.2427076e-001 -2.2256980e-001
 -1.9970998e-001 -2.0308961e-001
 -1.7502306e-001 -1.8301118e-001
 -1.5022559e-001 -1.6230808e-001
 -1.2533323e-001 -1.4096068e-001
 -1.0036171e-001 -1.1895920e-001
 -7.5326806e-002 -9.6307461e-002
 -5.0244318e-002 -7.3027255e-002
 -2.5130095e-002 -4.9163121e-002
 -4.8985872e-016 -2.4787050e-002
  2.5130095e-002 -2.3812300e-006
  5.0244318e-002  2.5054146e-002
  7.5326806e-002  5.0213467e-002
  1.0036171e-001  7.5279552e-002
  1.2533323e-001  1.0003972e-001
  1.5022559e-001  1.2427954e-001
  1.7502306e-001  1.4780035e-001
  1.9970998e-001  1.7043644e-001
  2.2427076e-001  1.9206786e-001
  2.4868989e-001  2.1262603e-001
  2.7295194e-001  2.3209115e-001
  2.9704158e-001  2.5048290e-001
  3.2094361e-001  2.6784770e-001
  3.4464292e-001  2.8424639e-001
  3.6812455e-001  2.9974460e-001
  3.9137367e-001  3.1440697e-001
  4.1437558e-001  3.2829434e-001
  4.3711577e-001  3.4146283e-001
  4.5957986e-001  3.5396373e-001
  4.8175367e-001  3.6584364e-001
  5.0362320e-001  3.7714466e-001
  5.2517463e-001  3.8790470e-001
  5.4639435e-001  3.9815786e-001
  5.6726895e-001  4.0793481e-001
  5.8778525e-001  4.1726319e-001
  6.0793030e-001  4.2616793e-001
  6.2769136e-001  4.3467154e-001
  6.4705596e-001  4.4279433e-001
  6.6601187e-001  4.5055471e-001
  6.8454711e-001  4.5796936e-001
  7.0264997e-001  4.6505339e-001
  7.2030902e-001  4.7182058e-001
  7.3751312e-001  4.7828342e-001
  7.5425138e-001  4.8445331e-001
  7.7051324e-001  4.9034063e-001
  7.8628843e-001  4.9595487e-001
  8.0156698e-001  5.0130469e-001
  8.1633925e-001  5.0639798e-001
  8.3059590e-001  5.1124199e-001
  8.4432793e-001  5.1584332e-001
  8.5752666e-001  5.2020803e-001
  8.7018375e-001  5.2434165e-001
  8.8229123e-001  5.2824924e-001
  8.9384142e-001  5.3193543e-001
  9.0482705e-001  5.3540445e-001
  9.1524117e-001  5.3866016e-001
  9.2507721e-001  5.4170609e-001
  9.3432894e-001  5.4454543e-001
  9.4299054e-001  5.4718111e-001
  9.5105652e-001  5.4961577e-001
  9.5852179e-001  5.5185180e-001
  9.6538164e-001  5.5389136e-001
  9.7163173e-001  5.5573638e-001
  9.7726812e-001  5.5738858e-001
  9.8228725e-001  5.5884950e-001
  9.8668594e-001  5.6012046e-001
  9.9046143e-001  5.6120265e-001
  9.9361131e-001  5.6209704e-001
  9.9613361e-001  5.6280447e-001
  9.9802673e-001  5.6332562e-001
  9.9928947e-001  5.6366101e-001
  9.9992104e-001  5.6381101e-001
  9.9992104e-001  5.6377586e-001
  9.9928947e-001  5.6355563e-001
  9.9802673e-001  5.6315027e-001
  9.9613361e-001  5.6255958e-001
  9.9361131e-001  5.6178321e-001
  9.9046143e-001  5.6082069e-001
  9.8668594e-001  5.5967136e-001
  9.8228725e-001  5.5833446e-001
  9.7726812e-001  5.5680903e-001
  9.7163173e-001  5.5509397e-001
  9.6538164e-001  5.5318802e-001
  9.5852179e-001  5.5108974e-001
  9.5105652e-001  5.4879749e-001
  9.4299054e-001  5.4630947e-001
  9.3432894e-001  5.4362365e-001
  9.2507721e-001  5.4073780e-001
  9.1524117e-001  5.3764947e-001
  9.0482705e-001  5.3435595e-001
  8.9384142e-001  5.3085428e-001
  8.8229123e-001  5.2714122e-001
  8.7018375e-001  5.2321325e-001
  8.5752666e-001  5.1906653e-001
  8.4432793e-001  5.1469686e-001
  8.3059590e-001  5.1009970e-001
  8.1633925e-001  5.0527010e-001
  8.0156698e-001  5.0020271e-001
  7.8628843e-001  4.9489169e-001
  7.7051324e-001  4.8933074e-001
  7.5425138e-001  4.8351301e-001
  7.3751312e-001  4.7743107e-001
  7.2030902e-001  4.7107688e-001
  7.0264997e-001  4.6444172e-001
  6.8454711e-001  4.5751614e-001
  6.6601187e-001  4.5028990e-001
  6.4705596e-001  4.4275189e-001
  6.2769136e-001  4.3489009e-001
  6.0793030e-001  4.2669145e-001
  5.8778525e-001  4.1814187e-001
  5.6726895e-001  4.0922605e-001
  5.4639435e-001  3.9992743e-001
  5.2517463e-001  3.9022810e-001
  5.0362320e-001  3.8010869e-001
  4.8175367e-001  3.6954831e-001
  4.5957986e-001  3.5852440e-001
  4.3711577e-001  3.4701275e-001
  4.1437558e-001  3.3498736e-001
  3.9137367e-001  3.2242047e-001
  3.6812455e-001  3.0928257e-001
  3.4464292e-001  2.9554252e-001
  3.2094361e-001  2.8116773e-001
  2.9704158e-001  2.6612452e-001
  2.7295194e-001  2.5037860e-001
  2.4868989e-001  2.3389589e-001
  2.2427076e-001  2.1664358e-001
  1.9970998e-001  1.9859157e-001
  1.7502306e-001  1.7971451e-001
  1.5022559e-001  1.5999425e-001
  1.2533323e-001  1.3942302e-001
  1.0036171e-001  1.1800715e-001
  7.5326806e-002  9.5771330e-002
  5.0244318e-002  7.2763013e-002
  2.5130095e-002  4.9056583e-002
  6.1232340e-016  2.4756423e-002
 -2.5130095e-002 -2.0433796e-006
 -5.0244318e-002 -2.5054445e-002
 -7.5326806e-002 -5.0213543e-002
 -1.0036171e-001 -7.5279551e-002
 -1.2533323e-001 -1.0005395e-001
 -1.5022559e-001 -1.2435483e-001
 -1.7502306e-001 -1.4803102e-001
 -1.9970998e-001 -1.7097194e-001
 -2.2427076e-001 -1.9311135e-001
 -2.4868989e-001 -2.1442467e-001
 -2.7295194e-001 -2.3492132e-001
 -2.9704158e-001 -2.5463483e-001
 -3.2094361e-001 -2.7361304e-001
 -3.4464292e-001 -2.9191040e-001
 -3.6812455e-001 -3.0958266e-001
 -3.9137367e-001 -3.2668388e-001
 -4.1437558e-001 -3.4326493e-001
 -4.3711577e-001 -3.5937300e-001
 -4.5957986e-001 -3.7505140e-001
 -4.8175367e-001 -3.9033973e-001
 -5.0362320e-001 -4.0527407e-001
 -5.2517463e-001 -4.1988726e-001
 -5.4639435e-001 -4.3420920e-001
 -5.6726895e-001 -4.4826714e-001
 -5.8778525e-001 -4.6208592e-001
 -6.0793030e-001 -4.7568826e-001
 -6.2769136e-001 -4.8909494e-001
 -6.4705596e-001 -5.0232501e-001
 -6.6601187e-001 -5.1539596e-001
 -6.8454711e-001 -5.2832387e-001
 -7.0264997e-001 -5.4112348e-001
 -7.2030902e-001 -5.5380839e-001
 -7.3751312e-001 -5.6639105e-001
 -7.5425138e-001 -5.7888289e-001
 -7.7051324e-001 -5.9129435e-001
 -7.8628843e-001 -6.0363490e-001
 -8.0156698e-001 -6.1591308e-001
 -8.1633925e-001 -6.2813651e-001
 -8.3059590e-001 -6.4031183e-001
 -8.4432793e-001 -6.5244471e-001
 -8.5752666e-001 -6.6453979e-001
 -8.7018375e-001 -6.7660057e-001
 -8.8229123e-001 -6.8862937e-001
 -8.9384142e-001 -7.0062714e-001
 -9.0482705e-001 -7.1259334e-001
 -9.1524117e-001 -7.2452574e-001
 -9.2507721e-001 -7.3642015e-001
 -9.3432894e-001 -7.4827019e-001
 -9.4299054e-001 -7.6006690e-001
 -9.5105652e-001 -7.7179838e-001
 -9.5852179e-001 -7.8344925e-001
 -9.6538164e-001 -7.9500014e-001
 -9.7163173e-001 -8.0642703e-001
 -9.7726812e-001 -8.1770046e-001
 -9.8228725e-001 -8.2878467e-001
 -9.8668594e-001 -8.3963662e-001
 -9.9046143e-001 -8.5020487e-001
 -9.9361131e-001 -8.6042834e-001
 -9.9613361e-001 -8.7023501e-001
 -9.9802673e-001 -8.7954055e-001
 -9.9928947e-001 -8.8824696e-001
 -9.9992104e-001 -8.9624142e-001
 -9.9992104e-001 -9.0339530e-001
 -9.9928947e-001 -9.0956390e-001
 -9.9802673e-001 -9.1458687e-001
 -9.9613361e-001 -9.1829005e-001
 -9.9361131e-001 -9.2048902e-001
 -9.9046143e-001 -9.2099500e-001
 -9.8668594e-001 -9.1962371e-001
 -9.8228725e-001 -9.1620748e-001
 -9.7726812e-001 -9.1061088e-001
 -9.7163173e-001 -9.0274911e-001
 -9.6538164e-001 -8.9260797e-001
 -9.5852179e-001 -8.8026246e-001
 -9.5105652e-001 -8.6589041e-001
 -9.4299054e-001 -8.4977604e-001
 -9.3432894e-001 -8.3229923e-001
 -9.2507721e-001 -8.1390753e-001
 -9.1524117e-001 -7.9507249e-001
 -9.0482705e-001 -7.7623667e-001
 -8.9384142e-001 -7.5776266e-001
 -8.8229123e-001 -7.3989697e-001
 -8.7018375e-001 -7.2275828e-001
 -8.5752666e-001 -7.0635168e-001
 -8.4432793e-001 -6.9060179e-001
 -8.3059590e-001 -6.7539254e-001
 -8.1633925e-001 -6.6060134e-001
 -8.0156698e-001 -6.4612079e-001
 -7.8628843e-001 -6.3186714e-001
 -7.7051324e-001 -6.1777916e-001
 -7.5425138e-001 -6.0381240e-001
 -7.3751312e-001 -5.8993290e-001
 -7.2030902e-001 -5.7611252e-001
 -7.0264997e-001 -5.6232621e-001
 -6.8454711e-001 -5.4855071e-001
 -6.6601187e-001 -5.3476396e-001
 -6.4705596e-001 -5.2094485e-001
 -6.2769136e-001 -5.0707281e-001
 -6.0793030e-001 -4.9312757e-001
 -5.8778525e-001 -4.7908886e-001
 -5.6726895e-001 -4.6493616e-001
 -5.4639435e-001 -4.5064856e-001
 -5.2517463e-001 -4.3620456e-001
 -5.0362320e-001 -4.2158192e-001
 -4.8175367e-001 -4.0675752e-001
 -4.5957986e-001 -3.9170722e-001
 -4.3711577e-001 -3.7640574e-001
 -4.1437558e-001 -3.6082653e-001
 -3.9137367e-001 -3.4494171e-001
 -3.6812455e-001 -3.2872198e-001
 -3.4464292e-001 -3.1213667e-001
 -3.2094361e-001 -2.9515372e-001
 -2.9704158e-001 -2.7773991e-001
 -2.7295194e-001 -2.5986106e-001
 -2.4868989e-001 -2.4148251e-001
 -2.2427076e-001 -2.2256980e-001
 -1.9970998e-001 -2.0308961e-001
 -1.7502306e-001 -1.8301118e-001
 -1.5022559e-001 -1.6230808e-001
 -1.2533323e-001 -1.4096068e-001
 -1.0036171e-001 -1.1895920e-001
 -7.5326806e-002 -9.6307461e-002
 -5.0244318e-002 -7.3027255e-002
 -2.5130095e-002 -4.9163121e-002
 -7.3478808e-016 -2.4787050e-002
  2.5130095e-002 -2.3812300e-006
  5.0244318e-002  2.5054146e-002
  7.5326806e-002  5.0213467e-002
  1.0036171e-001  7.5279552e-002
  1.2533323e-001  1.0003972e-001
  1.5022559e-001  1.2427954e-001
  1.7502306e-001  1.4780035e-001
  1.9970998e-001  1.7043644e-001
  2.2427076e-001  1.9206786e-001
  2.4868989e-001  2.1262603e-001
  2.7295194e-001  2.3209115e-001
  2.9704158e-001  2.5048290e-001
  3.2094361e-001  2.6784770e-001
  3.4464292e-001  2.8424639e-001
  3.6812455e-001  2.9974460e-001
  3.9137367e-001  3.1440697e-001
  4.1437558e-001  3.2829434e-001
  4.3711577e-001  3.4146283e-001
  4.5957986e-001  3.5396373e-001
  4.8175367e-001  3.6584364e-001
  5.0362320e-001  3.7714466e-001
  5.2517463e-001  3.8790470e-001
  5.4639435e-001  3.9815786e-001
  5.6726895e-001  4.0793481e-001
  5.8778525e-001  4.1726319e-001
  6.0793030e-001  4.2616793e-001
  6.2769136e-001  4.3467154e-001
  6.4705596e-001  4.4279433e-001
  6.6601187e-001  4.5055471e-001
  6.8454711e-001  4.5796936e-001
  7.0264997e-001  4.6505339e-001
  7.2030902e-001  4.7182058e-001
  7.3751312e-001  4.7828342e-001
  7.5425138e-001  4.8445331e-001
  7.7051324e-001  4.9034063e-001
  7.8628843e-001  4.9595487e-001
  8.0156698e-001  5.0130469e-001
  8.1633925e-001  5.0639798e-001
  8.3059590e-001  5.1124199e-001
  8.4432793e-001  5.1584332e-001
  8.5752666e-001  5.2020803e-001
  8.7018375e-001  5.2434165e-001
  8.8229123e-001  5.2824924e-001
  8.9384142e-001  5.3193543e-001
  9.0482705e-001  5.3540445e-001
  9.1524117e-001  5.3866016e-001
  9.2507721e-001  5.4170609e-001
  9.3432894e-001  5.4454543e-001
  9.4299054e-001  5.4718111e-001
  9.5105652e-001  5.4961577e-001
  9.5852179e-001  5.5185180e-001
  9.6538164e-001  5.5389136e-001
  9.7163173e-001  5.5573638e-001
  9.7726812e-001  5.5738858e-001
  9.8228725e-001  5.5884950e-001
  9.8668594e-001  5.6012046e-001
  9.9046143e-001  5.6120265e-001
  9.9361131e-001  5.6209704e-001
  9.9613361e-001  5.6280447e-001
  9.9802673e-001  5.6332562e-001
  9.9928947e-001  5.6366101e-001
  9.9992104e-001  5.6381101e-001
  9.9992104e-001  5.6377586e-001
  9.9928947e-001  5.6355563e-001
  9.9802673e-001  5.6315027e-001
  9.9613361e-001  5.6255958e-001
  9.9361131e-001  5.6178321e-001
  9.9046143e-001  5.6082069e-001
  9.8668594e-001  5.5967136e-001
  9.8228725e-001  5.5833446e-001
  9.7726812e-001  5.5680903e-001
  9.7163173e-001  5.5509397e-001
  9.6538164e-001  5.5318802e-001
  9.5852179e-001  5.5108974e-001
  9.5105652e-001  5.4879749e-001
  9.4299054e-001  5.4630947e-001
  9.3432894e-001  5.4362365e-001
  9.2507721e-001  5.4073780e-001
  9.1524117e-001  5.3764947e-001
  9.0482705e-001  5.3435595e-001
  8.9384142e-001  5.3085428e-001
  8.8229123e-001  5.2714122e-001
  8.7018375e-001  5.2321325e-001
  8.5752666e-001  5.1906653e-001
  8.4432793e-001  5.1469686e-001
  8.3059590e-001  5.1009970e-001
  8.1633925e-001  5.0527010e-001
  8.0156698e-001  5.0020271e-001
  7.8628843e-001  4.9489169e-001
  7.7051324e-001  4.8933074e-001
  7.5425138e-001  4.8351301e-001
  7.3751312e-001  4.7743107e-001
  7.2030902e-001  4.7107688e-001
  7.0264997e-001  4.6444172e-001
  6.8454711e-001  4.5751614e-001
  6.6601187e-001  4.5028990e-001
  6.4705596e-001  4.4275189e-001
  6.2769136e-001  4.3489009e-001
  6.0793030e-001  4.2669145e-001
  5.8778525e-001  4.1814187e-001
  5.6726895e-001  4.0922605e-001
  5.4639435e-001  3.9992743e-001
  5.2517463e-001  3.9022810e-001
  5.0362320e-001  3.8010869e-001
  4.8175367e-001  3.6954831e-001
  4.5957986e-001  3.5852440e-001
  4.3711577e-001  3.4701275e-001
  4.1437558e-001  3.3498736e-001
  3.9137367e-001  3.2242047e-001
  3.6812455e-001  3.0928257e-001
  3.4464292e-001  2.9554252e-001
  3.2094361e-001  2.8116773e-001
  2.9704158e-001  2.6612452e-001
  2.7295194e-001  2.5037860e-001
  2.4868989e-001  2.3389589e-001
  2.2427076e-001  2.1664358e-001
  1.9970998e-001  1.9859157e-001
  1.7502306e-001  1.7971451e-001
  1.5022559e-001  1.5999425e-001
  1.2533323e-001  1.3942302e-001
  1.0036171e-001  1.1800715e-001
  7.5326806e-002  9.5771330e-002
  5.0244318e-002  7.2763013e-002
  2.5130095e-002  4.9056583e-002
  8.5725276e-016  2.4756423e-002
 -2.5130095e-002 -2.0433796e-006
 -5.0244318e-002 -2.5054445e-002
 -7.5326806e-002 -5.0213543e-002
 -1.0036171e-001 -7.5279551e-002
 -1.2533323e-001 -1.0005395e-001
 -1.5022559e-001 -1.2435483e-001
 -1.7502306e-001 -1.4803102e-001
 -1.9970998e-001 -1.7097194e-001
 -2.2427076e-001 -1.9311135e-001
 -2.4868989e-001 -2.1442467e-001
 -2.7295194e-001 -2.3492132e-001
 -2.9704158e-001 -2.5463483e-001
 -3.2094361e-001 -2.7361304e-001
 -3.4464292e-001 -2.9191040e-001
 -3.6812455e-001 -3.0958266e-001
 -3.9137367e-001 -3.2668388e-001
 -4.1437558e-001 -3.4326493e-001
 -4.3711577e-001 -3.5937300e-001
 -4.5957986e-001 -3.7505140e-001
 -4.8175367e-001 -3.9033973e-001
 -5.0362320e-001 -4.0527407e-001
 -5.2517463e-001 -4.1988726e-001
 -5.4639435e-001 -4.3420920e-001
 -5.6726895e-001 -4.4826714e-001
 -5.8778525e-001 -4.6208592e-001
 -6.0793030e-001 -4.7568826e-001
 -6.2769136e-001 -4.8909494e-001
 -6.4705596e-001 -5.0232501e-001
 -6.6601187e-001 -5.1539596e-001
 -6.8454711e-001 -5.2832387e-001
 -7.0264997e-001 -5.4112348e-001
 -7.2030902e-001 -5.5380839e-001
 -7.3751312e-001 -5.6639105e-001
 -7.5425138e-001 -5.7888289e-001
 -7.7051324e-001 -5.9129435e-001
 -7.8628843e-001 -6.0363490e-001
 -8.0156698e-001 -6.1591308e-001
 -8.1633925e-001 -6.2813651e-001
 -8.3059590e-001 -6.4031183e-001
 -8.4432793e-001 -6.5244471e-001
 -8.5752666e-001 -6.6453979e-001
 -8.7018375e-001 -6.7660057e-001
 -8.8229123e-001 -6.8862937e-001
 -8.9384142e-001 -7.0062714e-001
 -9.0482705e-001 -7.1259334e-001
 -9.1524117e-001 -7.2452574e-001
 -9.2507721e-001 -7.3642015e-001
 -9.3432894e-001 -7.4827019e-001
 -9.4299054e-001 -7.6006690e-001
 -9.5105652e-001 -7.7179838e-001
 -9.5852179e-001 -7.8344925e-001
 -9.6538164e-001 -7.9500014e-001
 -9.7163173e-001 -8.0642703e-001
 -9.7726812e-001 -8.1770046e-001
 -9.8228725e-001 -8.2878467e-001
 -9.8668594e-001 -8.3963662e-001
 -9.9046143e-001 -8.5020487e-001
 -9.9361131e-001 -8.6042834e-001
 -9.9613361e-001 -8.7023501e-001
 -9.9802673e-001 -8.7954055e-001
 -9.9928947e-001 -8.8824696e-001
 -9.9992104e-001 -8.9624142e-001
 -9.9992104e-001 -9.0339530e-001
 -9.9928947e-001 -9.0956390e-001
 -9.9802673e-001 -9.1458687e-001
 -9.9613361e-001 -9.1829005e-001
 -9.9361131e-001 -9.2048902e-001
 -9.9046143e-001 -9.2099500e-001
 -9.8668594e-001 -9.1962371e-001
 -9.8228725e-001 -9.1620748e-001
 -9.7726812e-001 -9.1061088e-001
 -9.7163173e-001 -9.0274911e-001
 -9.6538164e-001 -8.9260797e-001
 -9.5852179e-001 -8.8026246e-001
 -9.5105652e-001 -8.6589041e-001
 -9.4299054e-001 -8.4977604e-001
 -9.3432894e-001 -8.3229923e-001
 -9.2507721e-001 -8.1390753e-001
 -9.1524117e-001 -7.9507249e-001
 -9.0482705e-001 -7.7623667e-001
 -8.9384142e-001 -7.5776266e-001
 -8.8229123e-001 -7.3989697e-001
 -8.7018375e-001 -7.2275828e-001
 -8.5752666e-001 -7.0635168e-001
 -8.4432793e-001 -6.9060179e-001
 -8.3059590e-001 -6.7539254e-001
 -8.1633925e-001 -6.6060134e-001
 -8.0156698e-001 -6.4612079e-001
 -7.8628843e-001 -6.3186714e-001
 -7.7051324e-001 -6.1777916e-001
 -7.5425138e-001 -6.0381240e-001
 -7.3751312e-001 -5.8993290e-001
 -7.2030902e-001 -5.7611252e-001
 -7.0264997e-001 -5.6232621e-001
 -6.8454711e-001 -5.4855071e-001
 -6.6601187e-001 -5.3476396e-001
 -6.4705596e-001 -5.2094485e-001
 -6.2769136e-001 -5.0707281e-001
 -6.0793030e-001 -4.9312757e-001
 -5.8778525e-001 -4.7908886e-001
 -5.6726895e-001 -4.6493616e-001
 -5.4639435e-001 -4.5064856e-001
 -5.2517463e-001 -4.3620456e-001
 -5.0362320e-001 -4.2158192e-001
 -4.8175367e-001 -4.0675752e-001
 -4.5957986e-001 -3.9170722e-001
 -4.3711577e-001 -3.7640574e-001
 -4.1437558e-001 -3.6082653e-001
 -3.9137367e-001 -3.4494171e-001
 -3.6812455e-001 -3.2872198e-001
 -3.4464292e-001 -3.1213667e-001
 -3.2094361e-001 -2.9515372e-001
 -2.9704158e-001 -2.7773991e-001
 -2.7295194e-001 -2.5986106e-001
 -2.4868989e-001 -2.4148251e-001
 -2.2427076e-001 -2.2256980e-001
 -1.9970998e-001 -2.0308961e-001
 -1.7502306e-001 -1.8301118e-001
 -1.5022559e-001 -1.6230808e-001
 -1.2533323e-001 -1.4096068e-001
 -1.0036171e-001 -1.1895920e-001
 -7.5326806e-002 -9.6307461e-002
 -5.0244318e-002 -7.3027255e-002
 -2.5130095e-002 -4.9163121e-002
 -9.7971744e-016 -2.4787050e-002
  2.5130095e-002 -2.3812300e-006
  5.0244318e-002  2.5054146e-002
  7.5326806e-002  5.0213467e-002
  1.0036171e-001  7.5279552e-002
  1.2533323e-001  1.0003972e-001
  1.5022559e-001  1.2427954e-001
  1.7502306e-001  1.4780035e-001
  1.9970998e-001  1.7043644e-001
  2.2427076e-001  1.9206786e-001
  2.4868989e-001  2.1262603e-001
  2.7295194e-001  2.3209115e-001
  2.9704158e-001  2.5048290e-001
  3.2094361e-001  2.6784770e-001
  3.4464292e-001  2.8424639e-001
  3.6812455e-001  2.9974460e-001
  3.9137367e-001  3.1440697e-001
  4.1437558e-001  3.2829434e-001
  4.3711577e-001  3.4146283e-001
  4.5957986e-001  3.5396373e-001
  4.8175367e-001  3.6584364e-001
  5.0362320e-001  3.7714466e-001
  5.2517463e-001  3.8790470e-001
  5.4639435e-001  3.9815786e-001
  5.6726895e-001  4.0793481e-001
  5.8778525e-001  4.1726319e-001
  6.0793030e-001  4.2616793e-001
  6.2769136e-001  4.3467154e-001
  6.4705596e-001  4.4279433e-001
  6.6601187e-001  4.5055471e-001
  6.8454711e-001  4.5796936e-001
  7.0264997e-001  4.6505339e-001
  7.2030902e-001  4.7182058e-001
  7.3751312e-001  4.7828342e-001
  7.5425138e-001  4.8445331e-001
  7.7051324e-001  4.9034063e-001
  7.8628843e-001  4.9595487e-001
  8.0156698e-001  5.0130469e-001
  8.1633925e-001  5.0639798e-001
  8.3059590e-001  5.1124199e-001
  8.4432793e-001  5.1584332e-001
  8.5752666e-001  5.2020803e-001
  8.7018375e-001  5.2434165e-001
  8.8229123e-001  5.2824924e-001
  8.9384142e-001  5.3193543e-001
  9.0482705e-001  5.3540445e-001
  9.1524117e-001  5.3866016e-001
  9.2507721e-001  5.4170609e-001
  9.3432894e-001  5.4454543e-001
  9.4299054e-001  5.4718111e-001
  9.5105652e-001  5.4961577e-001
  9.5852179e-001  5.5185180e-001
  9.6538164e-001  5.5389136e-001
  9.7163173e-001  5.5573638e-001
  9.7726812e-001  5.5738858e-001
  9.8228725e-001  5.5884950e-001
  9.8668594e-001  5.6012046e-001
  9.9046143e-001  5.6120265e-001
  9.9361131e-001  5.6209704e-001
  9.9613361e-001  5.6280447e-001
  9.9802673e-001  5.6332562e-001
  9.9928947e-001  5.6366101e-001
  9.9992104e-001  5.6381101e-001
  9.9992104e-001  5.6377586e-001
  9.9928947e-001  5.6355563e-001
  9.9802673e-001  5.6315027e-001
  9.9613361e-001  5.6255958e-001
  9.9361131e-001  5.6178321e-001
  9.9046143e-001  5.6082069e-001
  9.8668594e-001  5.5967136e-001
  9.8228725e-001  5.5833446e-001
  9.7726812e-001  5.5680903e-001
  9.7163173e-001  5.5509397e-001
  9.6538164e-001  5.5318802e-001
  9.5852179e-001  5.5108974e-001
  9.5105652e-001  5.4879749e-001
  9.4299054e-001  5.4630947e-001
  9.3432894e-001  5.4362365e-001
  9.2507721e-001  5.4073780e-001
  9.1524117e-001  5.3764947e-001
  9.0482705e-001  5.3435595e-001
  8.9384142e-001  5.3085428e-001
  8.8229123e-001  5.2714122e-001
  8.7018375e-001  5.2321325e-001
  8.5752666e-001  5.1906653e-001
  8.4432793e-001  5.1469686e-001
  8.3059590e-001  5.1009970e-001
  8.1633925e-001  5.0527010e-001
  8.0156698e-001  5.0020271e-001
  7.8628843e-001  4.9489169e-001
  7.7051324e-001  4.8933074e-001
  7.5425138e-001  4.8351301e-001
  7.3751312e-001  4.7743107e-001
  7.2030902e-001  4.7107688e-001
  7.0264997e-001  4.6444172e-001
  6.8454711e-001  4.5751614e-001
  6.6601187e-001  4.5028990e-001
  6.4705596e-001  4.4275189e-001
  6.2769136e-001  4.3489009e-001
  6.0793030e-001  4.2669145e-001
  5.8778525e-001  4.1814187e-001
  5.6726895e-001  4.0922605e-001
  5.4639435e-001  3.9992743e-001
  5.2517463e-001  3.9022810e-001
  5.0362320e-001  3.8010869e-001
  4.8175367e-001  3.6954831e-001
  4.5957986e-001  3.5852440e-001
  4.3711577e-001  3.4701275e-001
  4.1437558e-001  3.3498736e-001
  3.9137367e-001  3.2242047e-001
  3.6812455e-001  3.0928257e-001
  3.4464292e-001  2.9554252e-001
  3.2094361e-001  2.8116773e-001
  2.9704158e-001  2.6612452e-001
  2.7295194e-001  2.5037860e-001
  2.4868989e-001  2.3389589e-001
  2.2427076e-001  2.1664358e-001
  1.9970998e-001  1.9859157e-001
  1.7502306e-001  1.7971451e-001
  1.5022559e-001  1.5999425e-001
  1.2533323e-001  1.3942302e-001
  1.0036171e-001  1.1800715e-001
  7.5326806e-002  9.5771330e-002
  5.0244318e-002  7.2763013e-002
  2.5130095e-002  4.9056583e-002
  1.1021821e-015  2.4756423e-002
 -2.5130095e-002 -2.0433796e-006
 -5.0244318e-002 -2.5054445e-002
 -7.5326806e-002 -5.0213543e-002
 -1.0036171e-001 -7.5279551e-002
 -1.2533323e-001 -1.0005395e-001
 -1.5022559e-001 -1.2435483e-001
 -1.7502306e-001 -1.4803102e-001
 -1.9970998e-001 -1.7097194e-001
 -2.2427076e-001 -1.9311135e-001
 -2.4868989e-001 -2.1442467e-001
 -2.7295194e-001 -2.3492132e-001
 -2.9704158e-001 -2.5463483e-001
 -3.2094361e-001 -2.7361304e-001
 -3.4464292e-001 -2.9191040e-001
 -3.6812455e-001 -3.0958266e-001
 -3.9137367e-001 -3.2668388e-001
 -4.1437558e-001 -3.4326493e-001
 -4.3711577e-001 -3.5937300e-001
 -4.5957986e-001 -3.7505140e-001
 -4.8175367e-001 -3.9033973e-001
 -5.0362320e-001 -4.0527407e-001
 -5.2517463e-001 -4.1988726e-001
 -5.4639435e-001 -4.3420920e-001
 -5.6726895e-001 -4.4826714e-001
 -5.8778525e-001 -4.6208592e-001
 -6.0793030e-001 -4.7568826e-001
 -6.2769136e-001 -4.8909494e-001
 -6.4705596e-001 -5.0232501e-001
 -6.6601187e-001 -5.1539596e-001
 -6.8454711e-001 -5.2832387e-001
 -7.0264997e-001 -5.4112348e-001
 -7.2030902e-001 -5.5380839e-001
 -7.3751312e-001 -5.6639105e-001
 -7.5425138e-001 -5.7888289e-001
 -7.7051324e-001 -5.9129435e-001
 -7.8628843e-001 -6.0363490e-001
 -8.0156698e-001 -6.1591308e-001
 -8.1633925e-001 -6.2813651e-001
 -8.3059590e-001 -6.4031183e-001
 -8.4432793e-001 -6.5244471e-001
 -8.5752666e-001 -6.6453979e-001
 -8.7018375e-001 -6.7660057e-001
 -8.8229123e-001 -6.8862937e-001
 -8.9384142e-001 -7.0062714e-001
 -9.0482705e-001 -7.1259334e-001
 -9.1524117e-001 -7.2452574e-001
 -9.2507721e-001 -7.3642015e-001
 -9.3432894e-001 -7.4827019e-001
 -9.4299054e-001 -7.6006690e-001
 -9.5105652e-001 -7.7179838e-001
 -9.5852179e-001 -7.8344925e-001
 -9.6538164e-001 -7.9500014e-001
 -9.7163173e-001 -8.0642703e-001
 -9.7726812e-001 -8.1770046e-001
 -9.8228725e-001 -8.2878467e-001
 -9.8668594e-001 -8.3963662e-001
 -9.9046143e-001 -8.5020487e-001
 -9.9361131e-001 -8.6042834e-001
 -9.9613361e-001 -8.7023501e-001
 -9.9802673e-001 -8.7954055e-001
 -9.9928947e-001 -8.8824696e-001
 -9.9992104e-001 -8.9624142e-001
 -9.9992104e-001 -9.0339530e-001
 -9.9928947e-001 -9.0956390e-001
 -9.9802673e-001 -9.1458687e-001
 -9.9613361e-001 -9.1829005e-001
 -9.9361131e-001 -9.2048902e-001
 -9.9046143e-001 -9.2099500e-001
 -9.8668594e-001 -9.1962371e-001
 -9.8228725e-001 -9.1620748e-001
 -9.7726812e-001 -9.1061088e-001
 -9.7163173e-001 -9.0274911e-001
 -9.6538164e-001 -8.9260797e-001
 -9.5852179e-001 -8.8026246e-001
 -9.5105652e-001 -8.6589041e-001
 -9.4299054e-001 -8.4977604e-001
 -9.3432894e-001 -8.3229923e-001
 -9.2507721e-001 -8.1390753e-001
 -9.1524117e-001 -7.9507249e-001
 -9.0482705e-001 -7.7623667e-001
 -8.9384142e-001 -7.5776266e-001
 -8.8229123e-001 -7.3989697e-001
 -8.7018375e-001 -7.2275828e-001
 -8.5752666e-001 -7.0635168e-001
 -8.4432793e-001 -6.9060179e-001
 -8.3059590e-001 -6.7539254e-001
 -8.1633925e-001 -6.6060134e-001
 -8.0156698e-001 -6.4612079e-001
 -7.8628843e-001 -6.3186714e-001
 -7.7051324e-001 -6.1777916e-001
 -7.5425138e-001 -6.0381240e-001
 -7.3751312e-001 -5.8993290e-001
 -7.2030902e-001 -5.7611252e-001
 -7.0264997e-001 -5.6232621e-001
 -6.8454711e-001 -5.4855071e-001
 -6.6601187e-001 -5.3476396e-001
 -6.4705596e-001 -5.2094485e-001
 -6.2769136e-001 -5.0707281e-001
 -6.0793030e-001 -4.9312757e-001
 -5.8778525e-001 -4.7908886e-001
 -5.6726895e-001 -4.6493616e-001
 -5.4639435e-001 -4.5064856e-001
 -5.2517463e-001 -4.3620456e-001
 -5.0362320e-001 -4.2158192e-001
 -4.8175367e-001 -4.0675752e-001
 -4.5957986e-001 -3.9170722e-001
 -4.3711577e-001 -3.7640574e-001
 -4.1437558e-001 -3.6082653e-001
 -3.9137367e-001 -3.4494171e-001
 -3.6812455e-001 -3.2872198e-001
 -3.4464292e-001 -3.1213667e-001
 -3.2094361e-001 -2.9515372e-001
 -2.9704158e-001 -2.7773991e-001
 -2.7295194e-001 -2.5986106e-001
 -2.4868989e-001 -2.4148251e-001
 -2.2427076e-001 -2.2256980e-001
 -1.9970998e-001 -2.0308961e-001
 -1.7502306e-001 -1.8301118e-001
 -1.5022559e-001 -1.6230808e-001
 -1.2533323e-001 -1.4096068e-001
 -1.0036171e-001 -1.1895920e-001
 -7.5326806e-002 -9.6307461e-002
 -5.0244318e-002 -7.3027255e-002
 -2.5130095e-002 -4.9163121e-002
 -1.2246468e-015 -2.4787050e-002
  2.5130095e-002 -2.3812300e-006
  5.0244318e-002  2.5054146e-002
  7.5326806e-002  5.0213467e-002
  1.0036171e-001  7.5279552e-002
  1.2533323e-001  1.0003972e-001
  1.5022559e-001  1.2427954e-001
  1.7502306e-001  1.4780035e-001
  1.9970998e-001  1.7043644e-001
  2.2427076e-001  1.9206786e-001
  2.4868989e-001  2.1262603e-001
  2.7295194e-001  2.3209115e-001
  2.9704158e-001  2.5048290e-001
  3.2094361e-001  2.6784770e-001
  3.4464292e-001  2.8424639e-001
  3.6812455e-001  2.9974460e-001
  3.9137367e-001  3.1440697e-001
  4.1437558e-001  3.2829434e-001
  4.3711577e-001  3.4146283e-001
  4.5957986e-001  3.5396373e-001
  4.8175367e-001  3.6584364e-001
  5.0362320e-001  3.7714466e-001
  5.2517463e-001  3.8790470e-001
  5.4639435e-001  3.9815786e-001
  5.6726895e-001  4.0793481e-001
  5.8778525e-001  4.1726319e-001
  6.0793030e-001  4.2616793e-001
  6.2769136e-001  4.3467154e-001
  6.4705596e-001  4.4279433e-001
  6.6601187e-001  4.5055471e-001
  6.8454711e-001  4.5796936e-001
  7.0264997e-001  4.6505339e-001
  7.2030902e-001  4.7182058e-001
  7.3751312e-001  4.7828342e-001
  7.5425138e-001  4.8445331e-001
  7.7051324e-001  4.9034063e-001
  7.8628843e-001  4.9595487e-001
  8.0156698e-001  5.0130469e-001
  8.1633925e-001  5.0639798e-001
  8.3059590e-001  5.1124199e-001
  8.4432793e-001  5.1584332e-001
  8.5752666e-001  5.2020803e-001
  8.7018375e-001  5.2434165e-001
  8.8229123e-001  5.2824924e-001
  8.9384142e-001  5.3193543e-001
  9.0482705e-001  5.3540445e-001
  9.1524117e-001  5.3866016e-001
  9.2507721e-001  5.4170609e-001
  9.3432894e-001  5.4454543e-001
  9.4299054e-001  5.4718111e-001
  9.5105652e-001  5.4961577e-001
  9.5852179e-001  5.5185180e-001
  9.6538164e-001  5.5389136e-001
  9.7163173e-001  5.5573638e-001
  9.7726812e-001  5.5738858e-001
  9.8228725e-001  5.5884950e-001
  9.8668594e-001  5.6012046e-001
  9.9046143e-001  5.6120265e-001
  9.9361131e-001  5.6209704e-001
  9.9613361e-001  5.6280447e-001
  9.9802673e-001  5.6332562e-001
  9.9928947e-001  5.6366101e-001
  9.9992104e-001  5.6381101e-001
  9.9992104e-001  5.6377586e-001
  9.9928947e-001  5.6355563e-001
  9.9802673e-001  5.6315027e-001
  9.9613361e-001  5.6255958e-001
  9.9361131e-001  5.6178321e-001
  9.9046143e-001  5.6082069e-001
  9.8668594e-001  5.5967136e-001
  9.8228725e-001  5.5833446e-001
  9.7726812e-001  5.5680903e-001
  9.7163173e-001  5.5509397e-001
  9.6538164e-001  5.5318802e-001
  9.5852179e-001  5.5108974e-001
  9.5105652e-001  5.4879749e-001
  9.4299054e-001  5.4630947e-001
  9.3432894e-001  5.4362365e-001
  9.2507721e-001  5.4073780e-001
  9.1524117e-001  5.3764947e-001
  9.0482705e-001  5.3435595e-001
  8.9384142e-001  5.3085428e-001
  8.8229123e-001  5.2714122e-001
  8.7018375e-001  5.2321325e-001
  8.5752666e-001  5.1906653e-001
  8.4432793e-001  5.1469686e-001
  8.3059590e-001  5.1009970e-001
  8.1633925e-001  5.0527010e-001
  8.0156698e-001  5.0020271e-001
  7.8628843e-001  4.9489169e-001
  7.7051324e-001  4.8933074e-001
  7.5425138e-001  4.8351301e-001
  7.3751312e-001  4.7743107e-001
  7.2030902e-001  4.7107688e-001
  7.0264997e-001  4.6444172e-001
  6.8454711e-001  4.5751614e-001
  6.6601187e-001  4.5028990e-001
  6.4705596e-001  4.4275189e-001
  6.2769136e-001  4.3489009e-001
  6.0793030e-001  4.2669145e-001
  5.8778525e-001  4.1814187e-001
  5.6726895e-001  4.0922605e-001
  5.4639435e-001  3.9992743e-001
  5.2517463e-001  3.9022810e-001
  5.0362320e-001  3.8010869e-001
  4.8175367e-001  3.6954831e-001
  4.5957986e-001  3.5852440e-001
  4.3711577e-001  3.4701275e-001
  4.1437558e-001  3.3498736e-001
  3.9137367e-001  3.2242047e-001
  3.6812455e-001  3.0928257e-001
  3.4464292e-001  2.9554252e-001
  3.2094361e-001  2.8116773e-001
  2.9704158e-001  2.6612452e-001
  2.7295194e-001  2.5037860e-001
  2.4868989e-001  2.3389589e-001
  2.2427076e-001  2.1664358e-001
  1.9970998e-001  1.9859157e-001
  1.7502306e-001  1.7971451e-001
  1.5022559e-001  1.5999425e-001
  1.2533323e-001  1.3942302e-001
  1.0036171e-001  1.1800715e-001
  7.5326806e-002  9.5771330e-002
  5.0244318e-002  7.2763013e-002
  2.5130095e-002  4.9056583e-002
  4.8998252e-015  2.4756423e-002
 -2.5130095e-002 -2.0433796e-006
 -5.0244318e-002 -2.5054445e-002
 -7.5326806e-002 -5.0213543e-002
 -1.0036171e-001 -7.5279551e-002
 -1.2533323e-001 -1.0005395e-001
 -1.5022559e-001 -1.2435483e-001
 -1.7502306e-001 -1.4803102e-001
 -1.9970998e-001 -1.7097194e-001
 -2.2427076e-001 -1.9311135e-001
 -2.4868989e-001 -2.1442467e-001
 -2.7295194e-001 -2.3492132e-001
 -2.9704158e-001 -2.5463483e-001
 -3.2094361e-001 -2.7361304e-001
 -3.4464292e-001 -2.9191040e-001
 -3.6812455e-001 -3.0958266e-001
 -3.9137367e-001 -3.2668388e-001
 -4.1437558e-001 -3.4326493e-001
 -4.3711577e-001 -3.5937300e-001
 -4.5957986e-001 -3.7505140e-001
 -4.8175367e-001 -3.9033973e-001
 -5.0362320e-001 -4.0527407e-001
 -5.2517463e-001 -4.1988726e-001
 -5.4639435e-001 -4.3420920e-001
 -5.6726895e-001 -4.4826714e-001
 -5.8778525e-001 -4.6208592e-001
 -6.0793030e-001 -4.7568826e-001
 -6.2769136e-001 -4.8909494e-001
 -6.4705596e-001 -5.0232501e-001
 -6.6601187e-001 -5.1539596e-001
 -6.8454711e-001 -5.2832387e-001
 -7.0264997e-001 -5.4112348e-001
 -7.2030902e-001 -5.5380839e-001
 -7.3751312e-001 -5.6639105e-001
 -7.5425138e-001 -5.7888289e-001
 -7.7051324e-001 -5.9129435e-001
 -7.8628843e-001 -6.0363490e-001
 -8.0156698e-001 -6.1591308e-001
 -8.1633925e-001 -6.2813651e-001
 -8.3059590e-001 -6.4031183e-001
 -8.4432793e-001 -6.5244471e-001
 -8.5752666e-001 -6.6453979e-001
 -8.7018375e-001 -6.7660057e-001
 -8.8229123e-001 -6.8862937e-001
 -8.9384142e-001 -7.0062714e-001
 -9.0482705e-001 -7.1259334e-001
 -9.1524117e-001 -7.2452574e-001
 -9.2507721e-001 -7.3642015e-001
 -9.3432894e-001 -7.4827019e-001
 -9.4299054e-001 -7.6006690e-001
 -9.5105652e-001 -7.7179838e-001
 -9.5852179e-001 -7.8344925e-001
 -9.6538164e-001 -7.9500014e-001
 -9.7163173e-001 -8.0642703e-001
 -9.7726812e-001 -8.1770046e-001
 -9.8228725e-001 -8.2878467e-001
 -9.8668594e-001 -8.3963662e-001
 -9.9046143e-001 -8.5020487e-001
 -9.9361131e-001 -8.6042834e-001
 -9.9613361e-001 -8.7023501e-001
 -9.9802673e-001 -8.7954055e-001
 -9.9928947e-001 -8.8824696e-001
 -9.9992104e-001 -8.9624142e-001
 -9.9992104e-001 -9.0339530e-001
 -9.9928947e-001 -9.0956390e-001
 -9.9802673e-001 -9.1458687e-001
 -9.9613361e-001 -9.1829005e-001
 -9.9361131e-001 -9.2048902e-001
 -9.9046143e-001 -9.2099500e-001
 -9.8668594e-001 -9.1962371e-001
 -9.8228725e-001 -9.1620748e-001
 -9.7726812e-001 -9.1061088e-001
 -9.7163173e-001 -9.0274911e-001
 -9.6538164e-001 -8.9260797e-001
 -9.5852179e-001 -8.8026246e-001
 -9.5105652e-001 -8.6589041e-001
 -9.4299054e-001 -8.4977604e-001
 -9.3432894e-001 -8.3229923e-001
 -9.2507721e-001 -8.1390753e-001
 -9.1524117e-001 -7.9507249e-001
 -9.0482705e-001 -7.7623667e-001
 -8.9384142e-001 -7.5776266e-001
 -8.8229123e-001 -7.3989697e-001
 -8.7018375e-001 -7.2275828e-001
 -8.5752666e-001 -7.0635168e-001
 -8.4432793e-001 -6.9060179e-001
 -8.3059590e-001 -6.7539254e-001
 -8.1633925e-001 -6.6060134e-001
 -8.0156698e-001 -6.4612079e-001
 -7.8628843e-001 -6.3186714e-001
 -7.7051324e-001 -6.1777916e-001
 -7.5425138e-001 -6.0381240e-001
 -7.3751312e-001 -5.8993290e-001
 -7.2030902e-001 -5.7611252e-001
 -7.0264997e-001 -5.6232621e-001
 -6.8454711e-001 -5.4855071e-001
 -6.6601187e-001 -5.3476396e-001
 -6.4705596e-001 -5.2094485e-001
 -6.2769136e-001 -5.0707281e-001
 -6.0793030e-001 -4.9312757e-001
 -5.8778525e-001 -4.7908886e-001
 -5.6726895e-001 -4.6493616e-001
 -5.4639435e-001 -4.5064856e-001
 -5.2517463e-001 -4.3620456e-001
 -5.0362320e-001 -4.2158192e-001
 -4.8175367e-001 -4.0675752e-001
 -4.5957986e-001 -3.9170722e-001
 -4.3711577e-001 -3.7640574e-001
 -4.1437558e-001 -3.6082653e-001
 -3.9137367e-001 -3.4494171e-001
 -3.6812455e-001 -3.2872198e-001
 -3.4464292e-001 -3.1213667e-001
 -3.2094361e-001 -2.9515372e-001
 -2.9704158e-001 -2.7773991e-001
 -2.7295194e-001 -2.5986106e-001
 -2.4868989e-001 -2.4148251e-001
 -2.2427076e-001 -2.2256980e-001
 -1.9970998e-001 -2.0308961e-001
 -1.7502306e-001 -1.8301118e-001
 -1.5022559e-001 -1.6230808e-001
 -1.2533323e-001 -1.4096068e-001
 -1.0036171e-001 -1.1895920e-001
 -7.5326806e-002 -9.6307461e-002
 -5.0244318e-002 -7.3027255e-002
 -2.5130095e-002 -4.9163121e-002
 -1.4695762e-015 -2.4787050e-002
  2.5130095e-002 -2.3812300e-006
  5.0244318e-002  2.5054146e-002
  7.5326806e-002  5.0213467e-002
  1.0036171e-001  7.5279552e-002
  1.2533323e-001  1.0003972e-001
  1.5022559e-001  1.2427954e-001
  1.7502306e-001  1.4780035e-001
  1.9970998e-001  1.7043644e-001
  2.2427076e-001  1.9206786e-001
  2.4868989e-001  2.1262603e-001
  2.7295194e-001  2.3209115e-001
  2.9704158e-001  2.5048290e-001
  3.2094361e-001  2.6784770e-001
  3.4464292e-001  2.8424639e-001
  3.6812455e-001  2.9974460e-001
  3.9137367e-001  3.1440697e-001
  4.1437558e-001  3.2829434e-001
  4.3711577e-001  3.4146283e-001
  4.5957986e-001  3.5396373e-001
  4.8175367e-001  3.6584364e-001
  5.0362320e-001  3.7714466e-001
  5.2517463e-001  3.8790470e-001
  5.4639435e-001  3.9815786e-001
  5.6726895e-001  4.0793481e-001
  5.8778525e-001  4.1726319e-001
  6.0793030e-001  4.2616793e-001
  6.2769136e-001  4.3467154e-001
  6.4705596e-001  4.4279433e-001
  6.6601187e-001  4.5055471e-001
  6.8454711e-001  4.5796936e-001
  7.0264997e-001  4.6505339e-001
  7.2030902e-001  4.7182058e-001
  7.3751312e-001  4.7828342e-001
  7.5425138e-001  4.8445331e-001
  7.7051324e-001  4.9034063e-001
  7.8628843e-001  4.9595487e-001
  8.0156698e-001  5.0130469e-001
  8.1633925e-001  5.0639798e-001
  8.3059590e-001  5.1124199e-001
  8.4432793e-001  5.1584332e-001
  8.5752666e-001  5.2020803e-001
  8.7018375e-001  5.2434165e-001
  8.8229123e-001  5.2824924e-001
  8.9384142e-001  5.3193543e-001
  9.0482705e-001  5.3540445e-001
  9.1524117e-001  5.3866016e-001
  9.2507721e-001  5.4170609e-001
  9.3432894e-001  5.4454543e-001
  9.4299054e-001  5.4718111e-001
  9.5105652e-001  5.4961577e-001
  9.5852179e-001  5.5185180e-001
  9.6538164e-001  5.5389136e-001
  9.7163173e-001  5.5573638e-001
  9.7726812e-001  5.5738858e-001
  9.8228725e-001  5.5884950e-001
  9.8668594e-001  5.6012046e-001
  9.9046143e-001  5.6120265e-001
  9.9361131e-001  5.6209704e-001
  9.9613361e-001  5.6280447e-001
  9.9802673e-001  5.6332562e-001
  9.9928947e-001  5.6366101e-001
  9.9992104e-001  5.6381101e-001
  9.9992104e-001  5.6377586e-001
  9.9928947e-001  5.6355563e-001
  9.9802673e-001  5.6315027e-001
  9.9613361e-001  5.6255958e-001
  9.9361131e-001  5.6178321e-001
  9.9046143e-001  5.6082069e-001
  9.8668594e-001  5.5967136e-001
  9.8228725e-001  5.5833446e-001
  9.7726812e-001  5.5680903e-001
  9.7163173e-001  5.5509397e-001
  9.6538164e-001  5.5318802e-001
  9.5852179e-001  5.5108974e-001
  9.5105652e-001  5.4879749e-001
  9.4299054e-001  5.4630947e-001
  9.3432894e-001  5.4362365e-001
  9.2507721e-001  5.4073780e-001
  9.1524117e-001  5.3764947e-001
  9.0482705e-001  5.3435595e-001
  8.9384142e-001  5.3085428e-001
  8.8229123e-001  5.2714122e-001
  8.7018375e-001  5.2321325e-001
  8.5752666e-001  5.1906653e-001
  8.4432793e-001  5.1469686e-001
  8.3059590e-001  5.1009970e-001
  8.1633925e-001  5.0527010e-001
  8.0156698e-001  5.0020271e-001
  7.8628843e-001  4.9489169e-001
  7.7051324e-001  4.8933074e-001
  7.5425138e-001  4.8351301e-001
  7.3751312e-001  4.7743107e-001
  7.2030902e-001  4.7107688e-001
  7.0264997e-001  4.6444172e-001
  6.8454711e-001  4.5751614e-001
  6.6601187e-001  4.5028990e-001
  6.4705596e-001  4.4275189e-001
  6.2769136e-001  4.3489009e-001
  6.0793030e-001  4.2669145e-001
  5.8778525e-001  4.1814187e-001
  5.6726895e-001  4.0922605e-001
  5.4639435e-001  3.9992743e-001
  5.2517463e-001  3.9022810e-001
  5.0362320e-001  3.8010869e-001
  4.8175367e-001  3.6954831e-001
  4.5957986e-001  3.5852440e-001
  4.3711577e-001  3.4701275e-001
  4.1437558e-001  3.3498736e-001
  3.9137367e-001  3.2242047e-001
  3.6812455e-001  3.0928257e-001
  3.4464292e-001  2.9554252e-001
  3.2094361e-001  2.8116773e-001
  2.9704158e-001  2.6612452e-001
  2.7295194e-001  2.5037860e-001
  2.4868989e-001  2.3389589e-001
  2.2427076e-001  2.1664358e-001
  1.9970998e-001  1.9859157e-001
  1.7502306e-001  1.7971451e-001
  1.5022559e-001  1.5999425e-001
  1.2533323e-001  1.3942302e-001
  1.0036171e-001  1.1800715e-001
  7.5326806e-002  9.5771330e-002
  5.0244318e-002  7.2763013e-002
  2.5130095e-002  4.9056583e-002
 -1.9606728e-015  2.4756423e-002
 -2.5130095e-002 -2.0433796e-006
 -5.0244318e-002 -2.5054445e-002
 -7.5326806e-002 -5.0213543e-002
 -1.0036171e-001 -7.5279551e-002
 -1.2533323e-001 -1.0005395e-001
 -1.5022559e-001 -1.2435483e-001
 -1.7502306e-001 -1.4803102e-001
 -1.9970998e-001 -1.7097194e-001
 -2.2427076e-001 -1.9311135e-001
 -2.4868989e-001 -2.1442467e-001
 -2.7295194e-001 -2.3492132e-001
 -2.9704158e-001 -2.5463483e-001
 -3.2094361e-001 -2.7361304e-001
 -3.4464292e-001 -2.9191040e-001
 -3.6812455e-001 -3.0958266e-001
 -3.9137367e-001 -3.2668388e-001
 -4.1437558e-001 -3.4326493e-001
 -4.3711577e-001 -3.5937300e-001
 -4.5957986e-001 -3.7505140e-001
 -4.8175367e-001 -3.9033973e-001
 -5.0362320e-001 -4.0527407e-001
 -5.2517463e-001 -4.1988726e-001
 -5.4639435e-001 -4.3420920e-001
 -5.6726895e-001 -4.4826714e-001
 -5.8778525e-001 -4.6208592e-001
 -6.0793030e-001 -4.7568826e-001
 -6.2769136e-001 -4.8909494e-001
 -6.4705596e-001 -5.0232501e-001
 -6.6601187e-001 -5.1539596e-001
 -6.8454711e-001 -5.2832387e-001
 -7.0264997e-001 -5.4112348e-001
 -7.2030902e-001 -5.5380839e-001
 -7.3751312e-001 -5.6639105e-001
 -7.5425138e-001 -5.7888289e-001
 -7.7051324e-001 -5.9129435e-001
 -7.8628843e-001 -6.0363490e-001
 -8.0156698e-001 -6.1591308e-001
 -8.1633925e-001 -6.2813651e-001
 -8.3059590e-001 -6.4031183e-001
 -8.4432793e-001 -6.5244471e-001
 -8.5752666e-001 -6.6453979e-001
 -8.7018375e-001 -6.7660057e-001
 -8.8229123e-001 -6.8862937e-001
 -8.9384142e-001 -7.0062714e-001
 -9.0482705e-001 -7.1259334e-001
 -9.1524117e-001 -7.2452574e-001
 -9.2507721e-001 -7.3642015e-001
 -9.3432894e-001 -7.4827019e-001
 -9.4299054e-001 -7.6006690e-001
 -9.5105652e-001 -7.7179838e-001
 -9.5852179e-001 -7.8344925e-001
 -9.6538164e-001 -7.9500014e-001
 -9.7163173e-001 -8.0642703e-001
 -9.7726812e-001 -8.1770046e-001
 -9.8228725e-001 -8.2878467e-001
 -9.8668594e-001 -8.3963662e-001
 -9.9046143e-001 -8.5020487e-001
 -9.9361131e-001 -8.6042834e-001
 -9.9613361e-001 -8.7023501e-001
 -9.9802673e-001 -8.7954055e-001
 -9.9928947e-001 -8.8824696e-001
 -9.9992104e-001 -8.9624142e-001
 -9.9992104e-001 -9.0339530e-001
 -9.9928947e-001 -9.0956390e-001
 -9.9802673e-001 -9.1458687e-001
 -9.9613361e-001 -9.1829005e-001
 -9.9361131e-001 -9.2048902e-001
 -9.9046143e-001 -9.2099500e-001
 -9.8668594e-001 -9.1962371e-001
 -9.8228725e-001 -9.1620748e-001
 -9.7726812e-001 -9.1061088e-001
 -9.7163173e-001 -9.0274911e-001
 -9.6538164e-001 -8.9260797e-001
 -9.5852179e-001 -8.8026246e-001
 -9.5105652e-001 -8.6589041e-001
 -9.4299054e-001 -8.4977604e-001
 -9.3432894e-001 -8.3229923e-001
 -9.2507721e-001 -8.1390753e-001
 -9.1524117e-001 -7.9507249e-001
 -9.0482705e-001 -7.7623667e-001
 -8.9384142e-001 -7.5776266e-001
 -8.8229123e-001 -7.3989697e-001
 -8.7018375e-001 -7.2275828e-001
 -8.5752666e-001 -7.0635168e-001
 -8.4432793e-001 -6.9060179e-001
 -8.3059590e-001 -6.7539254e-001
 -8.1633925e-001 -6.6060134e-001
 -8.0156698e-001 -6.4612079e-001
 -7.8628843e-001 -6.3186714e-001
 -7.7051324e-001 -6.1777916e-001
 -7.5425138e-001 -6.0381240e-001
 -7.3751312e-001 -5.8993290e-001
 -7.2030902e-001 -5.7611252e-001
 -7.0264997e-001 -5.6232621e-001
 -6.8454711e-001 -5.4855071e-001
 -6.6601187e-001 -5.3476396e-001
 -6.4705596e-001 -5.2094485e-001
 -6.2769136e-001 -5.0707281e-001
 -6.0793030e-001 -4.9312757e-001
 -5.8778525e-001 -4.7908886e-001
 -5.6726895e-001 -4.6493616e-001
 -5.4639435e-001 -4.5064856e-001
 -5.2517463e-001 -4.3620456e-001
 -5.0362320e-001 -4.2158192e-001
 -4.8175367e-001 -4.0675752e-001
 -4.5957986e-001 -3.9170722e-001
 -4.3711577e-001 -3.7640574e-001
 -4.1437558e-001 -3.6082653e-001
 -3.9137367e-001 -3.4494171e-001
 -3.6812455e-001 -3.2872198e-001
 -3.4464292e-001 -3.1213667e-001
 -3.2094361e-001 -2.9515372e-001
 -2.9704158e-001 -2.7773991e-001
 -2.7295194e-001 -2.5986106e-001
 -2.4868989e-001 -2.4148251e-001
 -2.2427076e-001 -2.2256980e-001
 -1.9970998e-001 -2.0308961e-001
 -1.7502306e-001 -1.8301118e-001
 -1.5022559e-001 -1.6230808e-001
 -1.2533323e-001 -1.4096068e-001
 -1.0036171e-001 -1.1895920e-001
 -7.5326806e-002 -9.6307461e-002
 -5.0244318e-002 -7.3027255e-002
 -2.5130095e-002 -4.9163121e-002
 -1.7145055e-015 -2.4787050e-002
  2.5130095e-002 -2.3812300e-006
  5.0244318e-002  2.5054146e-002
  7.5326806e-002  5.0213467e-002
  1.0036171e-001  7.5279552e-002
  1.2533323e-001  1.0003972e-001
  1.5022559e-001  1.2427954e-001
  1.7502306e-001  1.4780035e-001
  1.9970998e-001  1.7043644e-001
  2.2427076e-001  1.9206786e-001
  2.4868989e-001  2.1262603e-001
  2.7295194e-001  2.3209115e-001
  2.9704158e-001  2.5048290e-001
  3.2094361e-001  2.6784770e-001
  3.4464292e-001  2.8424639e-001
  3.6812455e-001  2.9974460e-001
  3.9137367e-001  3.1440697e-001
  4.1437558e-001  3.2829434e-001
  4.3711577e-001  3.4146283e-001
  4.5957986e-001  3.5396373e-001
  4.8175367e-001  3.6584364e-001
  5.0362320e-001  3.7714466e-001
  5.2517463e-001  3.8790470e-001
  5.4639435e-001  3.9815786e-001
  5.6726895e-001  4.0793481e-001
  5.8778525e-001  4.1726319e-001
  6.0793030e-001  4.2616793e-001
  6.2769136e-001  4.3467154e-001
  6.4705596e-001  4.4279433e-001
  6.6601187e-001  4.5055471e-001
  6.8454711e-001  4.5796936e-001
  7.0264997e-001  4.6505339e-001
  7.2030902e-001  4.7182058e-001
  7.3751312e-001  4.7828342e-001
  7.5425138e-001  4.8445331e-001
  7.7051324e-001  4.9034063e-001
  7.8628843e-001  4.9595487e-001
  8.0156698e-001  5.0130469e-001
  8.1633925e-001  5.0639798e-001
  8.3059590e-001  5.1124199e-001
  8.4432793e-001  5.1584332e-001
  8.5752666e-001  5.2020803e-001
  8.7018375e-001  5.2434165e-001
  8.8229123e-001  5.2824924e-001
  8.9384142e-001  5.3193543e-001
  9.0482705e-001  5.3540445e-001
  9.1524117e-001  5.3866016e-001
  9.2507721e-001  5.4170609e-001
  9.3432894e-001  5.4454543e-001
  9.4299054e-001  5.4718111e-001
  9.5105652e-001  5.4961577e-001
  9.5852179e-001  5.5185180e-001
  9.6538164e-001  5.5389136e-001
  9.7163173e-001  5.5573638e-001
  9.7726812e-001  5.5738858e-001
  9.8228725e-001  5.5884950e-001
  9.8668594e-001  5.6012046e-001
  9.9046143e-001  5.6120265e-001
  9.9361131e-001  5.6209704e-001
  9.9613361e-001  5.6280447e-001
  9.9802673e-001  5.6332562e-001
  9.9928947e-001  5.6366101e-001
  9.9992104e-001  5.6381101e-001
  9.9992104e-001  5.6377586e-001
  9.9928947e-001  5.6355563e-001
  9.9802673e-001  5.6315027e-001
  9.9613361e-001  5.6255958e-001
  9.9361131e-001  5.6178321e-001
  9.9046143e-001  5.6082069e-001
  9.8668594e-001  5.5967136e-001
  9.8228725e-001  5.5833446e-001
  9.7726812e-001  5.5680903e-001
  9.7163173e-001  5.5509397e-001
  9.6538164e-001  5.5318802e-001
  9.5852179e-001  5.5108974e-001
  9.5105652e-001  5.4879749e-001
  9.4299054e-001  5.4630947e-001
  9.3432894e-001  5.4362365e-001
  9.2507721e-001  5.4073780e-001
  9.1524117e-001  5.3764947e-001
  9.0482705e-001  5.3435595e-001
  8.9384142e-001  5.3085428e-001
  8.8229123e-001  5.2714122e-001
  8.7018375e-001  5.2321325e-001
  8.5752666e-001  5.1906653e-001
  8.4432793e-001  5.1469686e-001
  8.3059590e-001  5.1009970e-001
  8.1633925e-001  5.0527010e-001
  8.0156698e-001  5.0020271e-001
  7.8628843e-001  4.9489169e-001
  7.7051324e-001  4.8933074e-001
  7.5425138e-001  4.8351301e-001
  7.3751312e-001  4.7743107e-001
  7.2030902e-001  4.7107688e-001
  7.0264997e-001  4.6444172e-001
  6.8454711e-001  4.5751614e-001
  6.6601187e-001  4.5028990e-001
  6.4705596e-001  4.4275189e-001
  6.2769136e-001  4.3489009e-001
  6.0793030e-001  4.2669145e-001
  5.8778525e-001  4.1814187e-001
  5.6726895e-001  4.0922605e-001
  5.4639435e-001  3.9992743e-001
  5.2517463e-001  3.9022810e-001
  5.0362320e-001  3.8010869e-001
  4.8175367e-001  3.6954831e-001
  4.5957986e-001  3.5852440e-001
  4.3711577e-001  3.4701275e-001
  4.1437558e-001  3.3498736e-001
  3.9137367e-001  3.2242047e-001
  3.6812455e-001  3.0928257e-001
  3.4464292e-001  2.9554252e-001
  3.2094361e-001  2.8116773e-001
  2.9704158e-001  2.6612452e-001
  2.7295194e-001  2.5037860e-001
  2.4868989e-001  2.3389589e-001
  2.2427076e-001  2.1664358e-001
  1.9970998e-001  1.9859157e-001
  1.7502306e-001  1.7971451e-001
  1.5022559e-001  1.5999425e-001
  1.2533323e-001  1.3942302e-001
  1.0036171e-001  1.1800715e-001
  7.5326806e-002  9.5771330e-002
  5.0244318e-002  7.2763013e-002
  2.5130095e-002  4.9056583e-002
 -1.7157435e-015  2.4756423e-002
 -2.5130095e-002 -2.0433796e-006
 -5.0244318e-002 -2.5054445e-002
 -7.5326806e-002 -5.0213543e-002
 -1.0036171e-001 -7.5279551e-002
 -1.2533323e-001 -1.0005395e-001
 -1.5022559e-001 -1.2435483e-001
 -1.7502306e-001 -1.4803102e-001
 -1.9970998e-001 -1.7097194e-001
 -2.2427076e-001 -1.9311135e-001
 -2.4868989e-001 -2.1442467e-001
 -2.7295194e-001 -2.3492132e-001
 -2.9704158e-001 -2.5463483e-001
 -3.2094361e-001 -2.7361304e-001
 -3.4464292e-001 -2.9191040e-001
 -3.6812455e-001 -3.0958266e-001
 -3.9137367e-001 -3.2668388e-001
 -4.1437558e-001 -3.4326493e-001
 -4.3711577e-001 -3.5937300e-001
 -4.5957986e-001 -3.7505140e-001
 -4.8175367e-001 -3.9033973e-001
 -5.0362320e-001 -4.0527407e-001
 -5.2517463e-001 -4.1988726e-001
 -5.4639435e-001 -4.3420920e-001
 -5.6726895e-001 -4.4826714e-001
 -5.8778525e-001 -4.6208592e-001
 -6.0793030e-001 -4.7568826e-001
 -6.2769136e-001 -4.8909494e-001
 -6.4705596e-001 -5.0232501e-001
 -6.6601187e-001 -5.1539596e-001
 -6.8454711e-001 -5.2832387e-001
 -7.0264997e-001 -5.4112348e-001
 -7.2030902e-001 -5.5380839e-001
 -7.3751312e-001 -5.6639105e-001
 -7.5425138e-001 -5.7888289e-001
 -7.7051324e-001 -5.9129435e-001
 -7.8628843e-001 -6.0363490e-001
 -8.0156698e-001 -6.1591308e-001
 -8.1633925e-001 -6.2813651e-001
 -8.3059590e-001 -6.4031183e-001
 -8.4432793e-001 -6.5244471e-001
 -8.5752666e-001 -6.6453979e-001
 -8.7018375e-001 -6.7660057e-001
 -8.8229123e-001 -6.8862937e-001
 -8.9384142e-001 -7.0062714e-001
 -9.0482705e-001 -7.1259334e-001
 -9.1524117e-001 -7.2452574e-001
 -9.2507721e-001 -7.3642015e-001
 -9.3432894e-001 -7.4827019e-001
 -9.4299054e-001 -7.6006690e-001
 -9.5105652e-001 -7.7179838e-001
 -9.5852179e-001 -7.8344925e-001
 -9.6538164e-001 -7.9500014e-001
 -9.7163173e-001 -8.0642703e-001
 -9.7726812e-001 -8.1770046e-001
 -9.8228725e-001 -8.2878467e-001
 -9.8668594e-001 -8.3963662e-001
 -9.9046143e-001 -8.5020487e-001
 -9.9361131e-001 -8.6042834e-001
 -9.9613361e-001 -8.7023501e-001
 -9.9802673e-001 -8.7954055e-001
 -9.9928947e-001 -8.8824696e-001
 -9.9992104e-001 -8.9624142e-001
 -9.9992104e-001 -9.0339530e-001
 -9.9928947e-001 -9.0956390e-001
 -9.9802673e-001 -9.1458687e-001
 -9.9613361e-001 -9.1829005e-001
 -9.9361131e-001 -9.2048902e-001
 -9.9046143e-001 -9.2099500e-001
 -9.8668594e-001 -9.1962371e-001
 -9.8228725e-001 -9.1620748e-001
 -9.7726812e-001 -9.1061088e-001
 -9.7163173e-001 -9.0274911e-001
 -9.6538164e-001 -8.9260797e-001
 -9.5852179e-001 -8.8026246e-001
 -9.5105652e-001 -8.6589041e-001
 -9.4299054e-001 -8.4977604e-001
 -9.3432894e-001 -8.3229923e-001
 -9.2507721e-001 -8.1390753e-001
 -9.1524117e-001 -7.9507249e-001
 -9.0482705e-001 -7.7623667e-001
 -8.9384142e-001 -7.5776266e-001
 -8.8229123e-001 -7.3989697e-001
 -8.7018375e-001 -7.2275828e-001
 -8.5752666e-001 -7.0635168e-001
 -8.4432793e-001 -6.9060179e-001
 -8.3059590e-001 -6.7539254e-001
 -8.1633925e-001 -6.6060134e-001
 -8.0156698e-001 -6.4612079e-001
 -7.8628843e-001 -6.3186714e-001
 -7.7051324e-001 -6.1777916e-001
 -7.5425138e-001 -6.0381240e-001
 -7.3751312e-001 -5.8993290e-001
 -7.2030902e-001 -5.7611252e-001
 -7.0264997e-001 -5.6232621e-001
 -6.8454711e-001 -5.4855071e-001
 -6.6601187e-001 -5.3476396e-001
 -6.4705596e-001 -5.2094485e-001
 -6.2769136e-001 -5.0707281e-001
 -6.0793030e-001 -4.9312757e-001
 -5.8778525e-001 -4.7908886e-001
 -5.6726895e-001 -4.6493616e-001
 -5.4639435e-001 -4.5064856e-001
 -5.2517463e-001 -4.3620456e-001
 -5.0362320e-001 -4.2158192e-001
 -4.8175367e-001 -4.0675752e-001
 -4.5957986e-001 -3.9170722e-001
 -4.3711577e-001 -3.7640574e-001
 -4.1437558e-001 -3.6082653e-001
 -3.9137367e-001 -3.4494171e-001
 -3.6812455e-001 -3.2872198e-001
 -3.4464292e-001 -3.1213667e-001
 -3.2094361e-001 -2.9515372e-001
 -2.9704158e-001 -2.7773991e-001
 -2.7295194e-001 -2.5986106e-001
 -2.4868989e-001 -2.4148251e-001
 -2.2427076e-001 -2.2256980e-001
 -1.9970998e-001 -2.0308961e-001
 -1.7502306e-001 -1.8301118e-001
 -1.5022559e-001 -1.6230808e-001
 -1.2533323e-001 -1.4096068e-001
 -1.0036171e-001 -1.1895920e-001
 -7.5326806e-002 -9.6307461e-002
 -5.0244318e-002 -7.3027255e-002
 -2.5130095e-002 -4.9163121e-002
 -1.9594349e-015 -2.4787050e-002
  2.5130095e-002 -2.3812300e-006
  5.0244318e-002  2.5054146e-002
  7.5326806e-002  5.0213467e-002
  1.0036171e-001  7.5279552e-002
  1.2533323e-001  1.0003972e-001
  1.5022559e-001  1.2427954e-001
  1.7502306e-001  1.4780035e-001
  1.9970998e-001  1.7043644e-001
  2.2427076e-001  1.9206786e-001
  2.4868989e-001  2.1262603e-001
  2.7295194e-001  2.3209115e-001
  2.9704158e-001  2.5048290e-001
  3.2094361e-001  2.6784770e-001
  3.4464292e-001  2.8424639e-001
  3.6812455e-001  2.9974460e-001
  3.9137367e-001  3.1440697e-001
  4.1437558e-001  3.2829434e-001
  4.3711577e-001  3.4146283e-001
  4.5957986e-001  3.5396373e-001
  4.8175367e-001  3.6584364e-001
  5.0362320e-001  3.7714466e-001
  5.2517463e-001  3.8790470e-001
  5.4639435e-001  3.9815786e-001
  5.6726895e-001  4.0793481e-001
  5.8778525e-001  4.1726319e-001
  6.0793030e-001  4.2616793e-001
  6.2769136e-001  4.3467154e-001
  6.4705596e-001  4.4279433e-001
  6.6601187e-001  4.5055471e-001
  6.8454711e-001  4.5796936e-001
  7.0264997e-001  4.6505339e-001
  7.2030902e-001  4.7182058e-001
  7.3751312e-001  4.7828342e-001
  7.5425138e-001  4.8445331e-001
  7.7051324e-001  4.9034063e-001
  7.8628843e-001  4.9595487e-001
  8.0156698e-001  5.0130469e-001
  8.1633925e-001  5.0639798e-001
  8.3059590e-001  5.1124199e-001
  8.4432793e-001  5.1584332e-001
  8.5752666e-001  5.2020803e-001
  8.7018375e-001  5.2434165e-001
  8.8229123e-001  5.2824924e-001
  8.9384142e-001  5.3193543e-001
  9.0482705e-001  5.3540445e-001
  9.1524117e-001  5.3866016e-001
  9.2507721e-001  5.4170609e-001
  9.3432894e-001  5.4454543e-001
  9.4299054e-001  5.4718111e-001
  9.5105652e-001  5.4961577e-001
  9.5852179e-001  5.5185180e-001
  9.6538164e-001  5.5389136e-001
  9.7163173e-001  5.5573638e-001
  9.7726812e-001  5.5738858e-001
  9.8228725e-001  5.5884950e-001
  9.8668594e-001  5.6012046e-001
  9.9046143e-001  5.6120265e-001
  9.9361131e-001  5.6209704e-001
  9.9613361e-001  5.6280447e-001
  9.9802673e-001  5.6332562e-001
  9.9928947e-001  5.6366101e-001
  9.9992104e-001  5.6381101e-001
  9.9992104e-001  5.6377586e-001
  9.9928947e-001  5.6355563e-001
  9.9802673e-001  5.6315027e-001
  9.9613361e-001  5.6255958e-001
  9.9361131e-001  5.6178321e-001
  9.9046143e-001  5.6082069e-001
  9.8668594e-001  5.5967136e-001
  9.8228725e-001  5.5833446e-001
  9.7726812e-001  5.5680903e-001
  9.7163173e-001  5.5509397e-001
  9.6538164e-001  5.5318802e-001
  9.5852179e-001  5.5108974e-001
  9.5105652e-001  5.4879749e-001
  9.4299054e-001  5.4630947e-001
  9.3432894e-001  5.4362365e-001
  9.2507721e-001  5.4073780e-001
  9.1524117e-001  5.3764947e-001
  9.0482705e-001  5.3435595e-001
  8.9384142e-001  5.3085428e-001
  8.8229123e-001  5.2714122e-001
  8.7018375e-001  5.2321325e-001
  8.5752666e-001  5.1906653e-001
  8.4432793e-001  5.1469686e-001
  8.3059590e-001  5.1009970e-001
  8.1633925e-001  5.0527010e-001
  8.0156698e-001  5.0020271e-001
  7.8628843e-001  4.9489169e-001
  7.7051324e-001  4.8933074e-001
  7.5425138e-001  4.8351301e-001
  7.3751312e-001  4.7743107e-001
  7.2030902e-001  4.7107688e-001
  7.0264997e-001  4.6444172e-001
  6.8454711e-001  4.5751614e-001
  6.6601187e-001  4.5028990e-001
  6.4705596e-001  4.4275189e-001
  6.2769136e-001  4.3489009e-001
  6.0793030e-001  4.2669145e-001
  5.8778525e-001  4.1814187e-001
  5.6726895e-001  4.0922605e-001
  5.4639435e-001  3.9992743e-001
  5.2517463e-001  3.9022810e-001
  5.0362320e-001  3.8010869e-001
  4.8175367e-001  3.6954831e-001
  4.5957986e-001  3.5852440e-001
  4.3711577e-001  3.4701275e-001
  4.1437558e-001  3.3498736e-001
  3.9137367e-001  3.2242047e-001
  3.6812455e-001  3.0928257e-001
  3.4464292e-001  2.9554252e-001
  3.2094361e-001  2.8116773e-001
  2.9704158e-001  2.6612452e-001
  2.7295194e-001  2.5037860e-001
  2.4868989e-001  2.3389589e-001
  2.2427076e-001  2.1664358e-001
  1.9970998e-001  1.9859157e-001
  1.7502306e-001  1.7971451e-001
  1.5022559e-001  1.5999425e-001
  1.2533323e-001  1.3942302e-001
  1.0036171e-001  1.1800715e-001
  7.5326806e-002  9.5771330e-002
  5.0244318e-002  7.2763013e-002
  2.5130095e-002  4.9056583e-002
  5.6346132e-015  2.4756423e-002
 -2.5130095e-002 -2.0433796e-006
 -5.0244318e-002 -2.5054445e-002
 -7.5326806e-002 -5.0213543e-002
 -1.0036171e-001 -7.5279551e-002
 -1.2533323e-001 -1.0005395e-001
 -1.5022559e-001 -1.2435483e-001
 -1.7502306e-001 -1.4803102e-001
 -1.9970998e-001 -1.7097194e-001
 -2.2427076e-001 -1.9311135e-001
 -2.4868989e-001 -2.1442467e-001
 -2.7295194e-001 -2.3492132e-001
 -2.9704158e-001 -2.5463483e-001
 -3.2094361e-001 -2.7361304e-001
 -3.4464292e-001 -2.9191040e-001
 -3.6812455e-001 -3.0958266e-001
 -3.9137367e-001 -3.2668388e-001
 -4.1437558e-001 -3.4326493e-001
 -4.3711577e-001 -3.5937300e-001
 -4.5957986e-001 -3.7505140e-001
 -4.8175367e-001 -3.9033973e-001
 -5.0362320e-001 -4.0527407e-001
 -5.2517463e-001 -4.1988726e-001
 -5.4639435e-001 -4.3420920e-001
 -5.6726895e-001 -4.4826714e-001
 -5.8778525e-001 -4.6208592e-001
 -6.0793030e-001 -4.7568826e-001
 -6.2769136e-001 -4.8909494e-001
 -6.4705596e-001 -5.0232501e-001
 -6.6601187e-001 -5.1539596e-001
 -6.8454711e-001 -5.2832387e-001
 -7.0264997e-001 -5.4112348e-001
 -7.2030902e-001 -5.5380839e-001
 -7.3751312e-001 -5.6639105e-001
 -7.5425138e-001 -5.7888289e-001
 -7.7051324e-001 -5.9129435e-001
 -7.8628843e-001 -6.0363490e-001
 -8.0156698e-001 -6.1591308e-001
 -8.1633925e-001 -6.2813651e-001
 -8.3059590e-001 -6.4031183e-001
 -8.4432793e-001 -6.5244471e-001
 -8.5752666e-001 -6.6453979e-001
 -8.7018375e-001 -6.7660057e-001
 -8.8229123e-001 -6.8862937e-001
 -8.9384142e-001 -7.0062714e-001
 -9.0482705e-001 -7.1259334e-001
 -9.1524117e-001 -7.2452574e-001
 -9.2507721e-001 -7.3642015e-001
 -9.3432894e-001 -7.4827019e-001
 -9.4299054e-001 -7.6006690e-001
 -9.5105652e-001 -7.7179838e-001
 -9.5852179e-001 -7.8344925e-001
 -9.6538164e-001 -7.9500014e-001
 -9.7163173e-001 -8.0642703e-001
 -9.7726812e-001 -8.1770046e-001
 -9.8228725e-001 -8.2878467e-001
 -9.8668594e-001 -8.3963662e-001
 -9.9046143e-001 -8.5020487e-001
 -9.9361131e-001 -8.6042834e-001
 -9.9613361e-001 -8.7023501e-001
 -9.9802673e-001 -8.7954055e-001
 -9.9928947e-001 -8.8824696e-001
 -9.9992104e-001 -8.9624142e-001
 -9.9992104e-001 -9.0339530e-001
 -9.9928947e-001 -9.0956390e-001
 -9.9802673e-001 -9.1458687e-001
 -9.9613361e-001 -9.1829005e-001
 -9.9361131e-001 -9.2048902e-001
 -9.9046143e-001 -9.2099500e-001
 -9.8668594e-001 -9.1962371e-001
 -9.8228725e-001 -9.1620748e-001
 -9.7726812e-001 -9.1061088e-001
 -9.7163173e-001 -9.0274911e-001
 -9.6538164e-001 -8.9260797e-001
 -9.5852179e-001 -8.8026246e-001
 -9.5105652e-001 -8.6589041e-001
 -9.4299054e-001 -8.4977604e-001
 -9.3432894e-001 -8.3229923e-001
 -9.2507721e-001 -8.1390753e-001
 -9.1524117e-001 -7.9507249e-001
 -9.0482705e-001 -7.7623667e-001
 -8.9384142e-001 -7.5776266e-001
 -8.8229123e-001 -7.3989697e-001
 -8.7018375e-001 -7.2275828e-001
 -8.5752666e-001 -7.0635168e-001
 -8.4432793e-001 -6.9060179e-001
 -8.3059590e-001 -6.7539254e-001
 -8.1633925e-001 -6.6060134e-001
 -8.0156698e-001 -6.4612079e-001
 -7.8628843e-001 -6.3186714e-001
 -7.7051324e-001 -6.1777916e-001
 -7.5425138e-001 -6.0381240e-001
 -7.3751312e-001 -5.8993290e-001
 -7.2030902e-001 -5.7611252e-001
 -7.0264997e-001 -5.6232621e-001
 -6.8454711e-001 -5.4855071e-001
 -6.6601187e-001 -5.3476396e-001
 -6.4705596e-001 -5.2094485e-001
 -6.2769136e-001 -5.0707281e-001
 -6.0793030e-001 -4.9312757e-001
 -5.8778525e-001 -4.7908886e-001
 -5.6726895e-001 -4.6493616e-001
 -5.4639435e-001 -4.5064856e-001
 -5.2517463e-001 -4.3620456e-001
 -5.0362320e-001 -4.2158192e-001
 -4.8175367e-001 -4.0675752e-001
 -4.5957986e-001 -3.9170722e-001
 -4.3711577e-001 -3.7640574e-001
 -4.1437558e-001 -3.6082653e-001
 -3.9137367e-001 -3.4494171e-001
 -3.6812455e-001 -3.2872198e-001
 -3.4464292e-001 -3.1213667e-001
 -3.2094361e-001 -2.9515372e-001
 -2.9704158e-001 -2.7773991e-001
 -2.7295194e-001 -2.5986106e-001
 -2.4868989e-001 -2.4148251e-001
 -2.2427076e-001 -2.2256980e-001
 -1.9970998e-001 -2.0308961e-001
 -1.7502306e-001 -1.8301118e-001
 -1.5022559e-001 -1.6230808e-001
 -1.2533323e-001 -1.4096068e-001
 -1.0036171e-001 -1.1895920e-001
 -7.5326806e-002 -9.6307461e-002
 -5.0244318e-002 -7.3027255e-002
 -2.5130095e-002 -4.9163121e-002
 -2.2043642e-015 -2.4787050e-002
  2.5130095e-002 -2.3812300e-006
  5.0244318e-002  2.5054146e-002
  7.5326806e-002  5.0213467e-002
  1.0036171e-001  7.5279552e-002
  1.2533323e-001  1.0003972e-001
  1.5022559e-001  1.2427954e-001
  1.7502306e-001  1.4780035e-001
  1.9970998e-001  1.7043644e-001
  2.2427076e-001  1.9206786e-001
  2.4868989e-001  2.1262603e-001
  2.7295194e-001  2.3209115e-001
  2.9704158e-001  2.5048290e-001
  3.2094361e-001  2.6784770e-001
  3.4464292e-001  2.8424639e-001
  3.6812455e-001  2.9974460e-001
  3.9137367e-001  3.1440697e-001
  4.1437558e-001  3.2829434e-001
  4.3711577e-001  3.4146283e-001
  4.5957986e-001  3.5396373e-001
  4.8175367e-001  3.6584364e-001
  5.0362320e-001  3.7714466e-001
  5.2517463e-001  3.8790470e-001
  5.4639435e-001  3.9815786e-001
  5.6726895e-001  4.0793481e-001
  5.8778525e-001  4.1726319e-001
  6.0793030e-001  4.2616793e-001
  6.2769136e-001  4.3467154e-001
  6.4705596e-001  4.4279433e-001
  6.6601187e-001  4.5055471e-001
  6.8454711e-001  4.5796936e-001
  7.0264997e-001  4.6505339e-001
  7.2030902e-001  4.7182058e-001
  7.3751312e-001  4.7828342e-001
  7.5425138e-001  4.8445331e-001
  7.7051324e-001  4.9034063e-001
  7.8628843e-001  4.9595487e-001
  8.0156698e-001  5.0130469e-001
  8.1633925e-001  5.0639798e-001
  8.3059590e-001  5.1124199e-001
  8.4432793e-001  5.1584332e-001
  8.5752666e-001  5.2020803e-001
  8.7018375e-001  5.2434165e-001
  8.8229123e-001  5.2824924e-001
  8.9384142e-001  5.3193543e-001
  9.0482705e-001  5.3540445e-001
  9.1524117e-001  5.3866016e-001
  9.2507721e-001  5.4170609e-001
  9.3432894e-001  5.4454543e-001
  9.4299054e-001  5.4718111e-001
  9.5105652e-001  5.4961577e-001
  9.5852179e-001  5.5185180e-001
  9.6538164e-001  5.5389136e-001
  9.7163173e-001  5.5573638e-001
  9.7726812e-001  5.5738858e-001
  9.8228725e-001  5.5884950e-001
  9.8668594e-001  5.6012046e-001
  9.9046143e-001  5.6120265e-001
  9.9361131e-001  5.6209704e-001
  9.9613361e-001  5.6280447e-001
  9.9802673e-001  5.6332562e-001
  9.9928947e-001  5.6366101e-001
  9.9992104e-001  5.6381101e-001
  9.9992104e-001  5.6377586e-001
  9.9928947e-001  5.6355563e-001
  9.9802673e-001  5.6315027e-001
  9.9613361e-001  5.6255958e-001
  9.9361131e-001  5.6178321e-001
  9.9046143e-001  5.6082069e-001
  9.8668594e-001  5.5967136e-001
  9.8228725e-001  5.5833446e-001
  9.7726812e-001  5.5680903e-001
  9.7163173e-001  5.5509397e-001
  9.6538164e-001  5.5318802e-001
  9.5852179e-001  5.5108974e-001
  9.5105652e-001  5.4879749e-001
  9.4299054e-001  5.4630947e-001
  9.3432894e-001  5.4362365e-001
  9.2507721e-001  5.4073780e-001
  9.1524117e-001  5.3764947e-001
  9.0482705e-001  5.3435595e-001
  8.9384142e-001  5.3085428e-001
  8.8229123e-001  5.2714122e-001
  8.7018375e-001  5.2321325e-001
  8.5752666e-001  5.1906653e-001
  8.4432793e-001  5.1469686e-001
  8.3059590e-001  5.1009970e-001
  8.1633925e-001  5.0527010e-001
  8.0156698e-001  5.0020271e-001
  7.8628843e-001  4.9489169e-001
  7.7051324e-001  4.8933074e-001
  7.5425138e-001  4.8351301e-001
  7.3751312e-001  4.7743107e-001
  7.2030902e-001  4.7107688e-001
  7.0264997e-001  4.6444172e-001
  6.8454711e-001  4.5751614e-001
  6.6601187e-001  4.5028990e-001
  6.4705596e-001  4.4275189e-001
  6.2769136e-001  4.3489009e-001
  6.0793030e-001  4.2669145e-001
  5.8778525e-001  4.1814187e-001
  5.6726895e-001  4.0922605e-001
  5.4639435e-001  3.9992743e-001
  5.2517463e-001  3.9022810e-001
  5.0362320e-001  3.8010869e-001
  4.8175367e-001  3.6954831e-001
  4.5957986e-001  3.5852440e-001
  4.3711577e-001  3.4701275e-001
  4.1437558e-001  3.3498736e-001
  3.9137367e-001  3.2242047e-001
  3.6812455e-001  3.0928257e-001
  3.4464292e-001  2.9554252e-001
  3.2094361e-001  2.8116773e-001
  2.9704158e-001  2.6612452e-001
  2.7295194e-001  2.5037860e-001
  2.4868989e-001  2.3389589e-001
  2.2427076e-001  2.1664358e-001
  1.9970998e-001  1.9859157e-001
  1.7502306e-001  1.7971451e-001
  1.5022559e-001  1.5999425e-001
  1.2533323e-001  1.3942302e-001
  1.0036171e-001  1.1800715e-001
  7.5326806e-002  9.5771330e-002
  5.0244318e-002  7.2763013e-002
  2.5130095e-002  4.9056583e-002
  5.8795426e-015  2.4756423e-002
 -2.5130095e-002 -2.0433796e-006
 -5.0244318e-002 -2.5054445e-002
 -7.5326806e-002 -5.0213543e-002
 -1.0036171e-001 -7.5279551e-002
 -1.2533323e-001 -1.0005395e-001
 -1.5022559e-001 -1.2435483e-001
 -1.7502306e-001 -1.4803102e-001
 -1.9970998e-001 -1.7097194e-001
 -2.2427076e-001 -1.9311135e-001
 -2.4868989e-001 -2.1442467e-001
 -2.7295194e-001 -2.3492132e-001
 -2.9704158e-001 -2.5463483e-001
 -3.2094361e-001 -2.7361304e-001
 -3.4464292e-001 -2.9191040e-001
 -3.6812455e-001 -3.0958266e-001
 -3.9137367e-001 -3.2668388e-001
 -4.1437558e-001 -3.4326493e-001
 -4.3711577e-001 -3.5937300e-001
 -4.5957986e-001 -3.7505140e-001
 -4.8175367e-001 -3.9033973e-001
 -5.0362320e-001 -4.0527407e-001
 -5.2517463e-001 -4.1988726e-001
 -5.4639435e-001 -4.3420920e-001
 -5.6726895e-001 -4.4826714e-001
 -5.8778525e-001 -4.6208592e-001
 -6.0793030e-001 -4.7568826e-001
 -6.2769136e-001 -4.8909494e-001
 -6.4705596e-001 -5.0232501e-001
 -6.6601187e-001 -5.1539596e-001
 -6.8454711e-001 -5.2832387e-001
 -7.0264997e-001 -5.4112348e-001
 -7.2030902e-001 -5.5380839e-001
 -7.3751312e-001 -5.6639105e-001
 -7.5425138e-001 -5.7888289e-001
 -7.7051324e-001 -5.9129435e-001
 -7.8628843e-001 -6.0363490e-001
 -8.0156698e-001 -6.1591308e-001
 -8.1633925e-001 -6.2813651e-001
 -8.3059590e-001 -6.4031183e-001
 -8.4432793e-001 -6.5244471e-001
 -8.5752666e-001 -6.6453979e-001
 -8.7018375e-001 -6.7660057e-001
 -8.8229123e-001 -6.8862937e-001
 -8.9384142e-001 -7.0062714e-001
 -9.0482705e-001 -7.1259334e-001
 -9.1524117e-001 -7.2452574e-001
 -9.2507721e-001 -7.3642015e-001
 -9.3432894e-001 -7.4827019e-001
 -9.4299054e-001 -7.6006690e-001
 -9.5105652e-001 -7.7179838e-001
 -9.5852179e-001 -7.8344925e-001
 -9.6538164e-001 -7.9500014e-001
 -9.7163173e-001 -8.0642703e-001
 -9.7726812e-001 -8.1770046e-001
 -9.8228725e-001 -8.2878467e-001
 -9.8668594e-001 -8.3963662e-001
 -9.9046143e-001 -8.5020487e-001
 -9.9361131e-001 -8.6042834e-001
 -9.9613361e-001 -8.7023501e-001
 -9.9802673e-001 -8.7954055e-001
 -9.9928947e-001 -8.8824696e-001
 -9.9992104e-001 -8.9624142e-001
 -9.9992104e-001 -9.0339530e-001
 -9.9928947e-001 -9.0956390e-001
 -9.9802673e-001 -9.1458687e-001
 -9.9613361e-001 -9.1829005e-001
 -9.9361131e-001 -9.2048902e-001
 -9.9046143e-001 -9.2099500e-001
 -9.8668594e-001 -9.1962371e-001
 -9.8228725e-001 -9.1620748e-001
 -9.7726812e-001 -9.1061088e-001
 -9.7163173e-001 -9.0274911e-001
 -9.6538164e-001 -8.9260797e-001
 -9.5852179e-001 -8.8026246e-001
 -9.5105652e-001 -8.6589041e-001
 -9.4299054e-001 -8.4977604e-001
 -9.3432894e-001 -8.3229923e-001
 -9.2507721e-001 -8.1390753e-001
 -9.1524117e-001 -7.9507249e-001
 -9.0482705e-001 -7.7623667e-001
 -8.9384142e-001 -7.5776266e-001
 -8.8229123e-001 -7.3989697e-001
 -8.7018375e-001 -7.2275828e-001
 -8.5752666e-001 -7.0635168e-001
 -8.4432793e-001 -6.9060179e-001
 -8.3059590e-001 -6.7539254e-001
 -8.1633925e-001 -6.6060134e-001
 -8.0156698e-001 -6.4612079e-001
 -7.8628843e-001 -6.3186714e-001
 -7.7051324e-001 -6.1777916e-001
 -7.5425138e-001 -6.0381240e-001
 -7.3751312e-001 -5.8993290e-001
 -7.2030902e-001 -5.7611252e-001
 -7.0264997e-001 -5.6232621e-001
 -6.8454711e-001 -5.4855071e-001
 -6.6601187e-001 -5.3476396e-001
 -6.4705596e-001 -5.2094485e-001
 -6.2769136e-001 -5.0707281e-001
 -6.0793030e-001 -4.9312757e-001
 -5.8778525e-001 -4.7908886e-001
 -5.6726895e-001 -4.6493616e-001
 -5.4639435e-001 -4.5064856e-001
 -5.2517463e-001 -4.3620456e-001
 -5.0362320e-001 -4.2158192e-001
 -4.8175367e-001 -4.0675752e-001
 -4.5957986e-001 -3.9170722e-001
 -4.3711577e-001 -3.7640574e-001
 -4.1437558e-001 -3.6082653e-001
 -3.9137367e-001 -3.4494171e-001
 -3.6812455e-001 -3.2872198e-001
 -3.4464292e-001 -3.1213667e-001
 -3.2094361e-001 -2.9515372e-001
 -2.9704158e-001 -2.7773991e-001
 -2.7295194e-001 -2.5986106e-001
 -2.4868989e-001 -2.4148251e-001
 -2.2427076e-001 -2.2256980e-001
 -1.9970998e-001 -2.0308961e-001
 -1.7502306e-001 -1.8301118e-001
 -1.5022559e-001 -1.6230808e-001
 -1.2533323e-001 -1.4096068e-001
 -1.0036171e-001 -1.1895920e-001
 -7.5326806e-002 -9.6307461e-002
 -5.0244318e-002 -7.3027255e-002
 -2.5130095e-002 -4.9163121e-002
 -2.4492936e-015 -2.4787050e-002
